# Gnuplot File : positions of 1 particle(s) Monitored
# 1st Column : time, others : particle(s) number 54 
0.01	0 0 -0.0769412	
0.02	5.46184e-12 -2.63854e-13 -0.0699468	
0.03	3.78928e-12 8.19392e-14 -0.063563	
0.04	-3.63573e-12 -5.91427e-13 -0.0577898	
0.05	-2.08501e-11 -1.41446e-12 -0.0525163	
0.06	-1.48007e-11 -5.43032e-13 -0.0477423	
0.07	-2.08814e-11 1.25263e-13 -0.0434124	
0.08	-2.31068e-11 -1.18343e-12 -0.0394711	
0.09	-2.26424e-11 7.27831e-14 -0.0358629	
0.1	-2.17902e-11 -6.7819e-13 -0.0325878	
0.11	-3.44934e-11 8.67074e-14 -0.0296457	
0.12	-2.40022e-11 6.01261e-13 -0.0269256	
0.13	-2.5271e-11 -1.40253e-13 -0.0244831	
0.14	-2.72199e-11 -3.39812e-13 -0.0222627	
0.15	-3.17622e-11 -6.97395e-13 -0.0202643	
0.16	-3.04931e-11 7.43964e-13 -0.0184324	
0.17	-3.34477e-11 8.13658e-13 -0.0167671	
0.18	-4.91045e-11 -1.14113e-12 -0.0152683	
0.19	-4.28885e-11 -1.29217e-12 -0.0138805	
0.2	-4.03523e-11 1.96902e-13 -0.0126038	
0.21	-4.09176e-11 7.23763e-14 -0.011438	
0.22	-3.94763e-11 5.89817e-13 -0.0103833	
0.23	-4.09221e-11 -8.29106e-13 -0.00943962	
0.24	-4.45161e-11 -8.12484e-13 -0.00860695	
0.25	-4.73802e-11 -9.3997e-13 -0.00782979	
0.26	-4.64483e-11 -1.79744e-13 -0.00710815	
0.27	-4.76943e-11 -4.65128e-13 -0.00644201	
0.28	-5.16235e-11 1.4561e-13 -0.00583139	
0.29	-5.22041e-11 -8.42681e-13 -0.00527628	
0.3	-5.38049e-11 -4.03094e-13 -0.00477668	
0.31	-4.90139e-11 8.32704e-14 -0.00433259	
0.32	-5.22932e-11 1.48251e-13 -0.00394401	
0.33	-4.80428e-11 -3.95691e-13 -0.00361095	
0.34	-5.06575e-11 3.60391e-13 -0.00327788	
0.35	-4.73702e-11 -1.70272e-13 -0.00300032	
0.36	-5.05885e-11 4.74263e-13 -0.00272277	
0.37	-5.43991e-11 -2.48001e-13 -0.00250072	
0.38	-5.28876e-11 -2.43255e-13 -0.00227868	
0.39	-5.21372e-11 5.53502e-13 -0.00205663	
0.4	-5.80638e-11 1.57424e-13 -0.0018901	
0.41	-5.39401e-11 2.16329e-13 -0.00172357	
0.42	-5.46844e-11 -1.49113e-13 -0.00155703	
0.43	-5.52656e-11 3.01712e-13 -0.0013905	
0.44	-5.52662e-11 4.7408e-13 -0.00127948	
0.45	-5.26398e-11 -4.0065e-13 -0.00116846	
0.46	-5.56934e-11 3.10903e-14 -0.00105743	
0.47	-5.47958e-11 1.45642e-14 -0.00094641	
0.48	-5.66456e-11 8.90499e-15 -0.000835388	
0.49	-5.49711e-11 6.36669e-14 -0.000779877	
0.5	-5.23769e-11 5.7835e-13 -0.000724366	
0.51	-5.86106e-11 1.463e-12 -0.000668855	
0.52	-5.2604e-11 -8.46465e-14 -0.000613344	
0.53	-5.60311e-11 -1.29913e-12 -0.000557832	
0.54	-5.55778e-11 -3.41772e-13 -0.000502321	
0.55	-5.62625e-11 2.83989e-13 -0.00044681	
0.56	-5.85996e-11 8.01667e-13 -0.000391299	
0.57	-5.27365e-11 -6.68861e-13 -0.000335788	
0.58	-5.38039e-11 -1.567e-13 -0.000280277	
0.59	-4.83096e-11 -1.567e-13 -0.000280277	
0.6	-4.83096e-11 -1.567e-13 -0.000280277	
0.61	-4.83096e-11 -1.567e-13 -0.000280277	
0.62	-4.83096e-11 -1.567e-13 -0.000280277	
0.63	-4.83096e-11 -1.567e-13 -0.000280277	
0.64	-4.83096e-11 -1.567e-13 -0.000280277	
0.65	-4.83096e-11 -1.567e-13 -0.000280277	
0.66	-4.83096e-11 -1.567e-13 -0.000280277	
0.67	-4.83096e-11 -1.567e-13 -0.000280277	
0.68	-4.83096e-11 -1.567e-13 -0.000280277	
0.69	-4.83096e-11 -1.567e-13 -0.000280277	
0.7	-4.83096e-11 -1.567e-13 -0.000280277	
0.71	-4.83096e-11 -1.567e-13 -0.000280277	
0.72	-4.83096e-11 -1.567e-13 -0.000280277	
0.73	-4.83096e-11 -1.567e-13 -0.000280277	
0.74	-4.83096e-11 -1.567e-13 -0.000280277	
0.75	-4.83096e-11 -1.567e-13 -0.000280277	
0.76	-4.83096e-11 -1.567e-13 -0.000280277	
0.77	-4.83096e-11 -1.567e-13 -0.000280277	
0.78	-4.83096e-11 -1.567e-13 -0.000280277	
0.79	-4.83096e-11 -1.567e-13 -0.000280277	
0.8	-4.83096e-11 -1.567e-13 -0.000280277	
0.81	-4.83096e-11 -1.567e-13 -0.000280277	
0.82	-4.83096e-11 -1.567e-13 -0.000280277	
0.83	-4.83096e-11 -1.567e-13 -0.000280277	
0.84	-4.83096e-11 -1.567e-13 -0.000280277	
0.85	-4.83096e-11 -1.567e-13 -0.000280277	
0.86	-4.83096e-11 -1.567e-13 -0.000280277	
0.87	-4.83096e-11 -1.567e-13 -0.000280277	
0.88	-4.83096e-11 -1.567e-13 -0.000280277	
0.89	-4.83096e-11 -1.567e-13 -0.000280277	
0.9	-4.83096e-11 -1.567e-13 -0.000280277	
0.91	-4.83096e-11 -1.567e-13 -0.000280277	
0.92	-4.83096e-11 -1.567e-13 -0.000280277	
0.93	-4.83096e-11 -1.567e-13 -0.000280277	
0.94	-4.83096e-11 -1.567e-13 -0.000280277	
0.95	-4.83096e-11 -1.567e-13 -0.000280277	
0.96	-4.83096e-11 -1.567e-13 -0.000280277	
0.97	-4.83096e-11 -1.567e-13 -0.000280277	
0.98	-4.83096e-11 -1.567e-13 -0.000280277	
0.99	-4.83096e-11 -1.567e-13 -0.000280277	
1	-4.83096e-11 -1.567e-13 -0.000280277	
1.01	-4.83096e-11 -1.567e-13 -0.000280277	
1.02	-4.83096e-11 -1.567e-13 -0.000280277	
1.03	-4.83096e-11 -1.567e-13 -0.000280277	
1.04	-4.83096e-11 -1.567e-13 -0.000280277	
1.05	-4.83096e-11 -1.567e-13 -0.000280277	
1.06	-4.83096e-11 -1.567e-13 -0.000280277	
1.07	-4.83096e-11 -1.567e-13 -0.000280277	
1.08	-4.83096e-11 -1.567e-13 -0.000280277	
1.09	-4.83096e-11 -1.567e-13 -0.000280277	
1.1	-4.83096e-11 -1.567e-13 -0.000280277	
1.11	-4.83096e-11 -1.567e-13 -0.000280277	
1.12	-4.83096e-11 -1.567e-13 -0.000280277	
1.13	-4.83096e-11 -1.567e-13 -0.000280277	
1.14	-4.83096e-11 -1.567e-13 -0.000280277	
1.15	-4.83096e-11 -1.567e-13 -0.000280277	
1.16	-4.83096e-11 -1.567e-13 -0.000280277	
1.17	-4.83096e-11 -1.567e-13 -0.000280277	
1.18	-4.83096e-11 -1.567e-13 -0.000280277	
1.19	-4.83096e-11 -1.567e-13 -0.000280277	
1.2	-4.83096e-11 -1.567e-13 -0.000280277	
1.21	-4.83096e-11 -1.567e-13 -0.000280277	
1.22	-4.83096e-11 -1.567e-13 -0.000280277	
1.23	-4.83096e-11 -1.567e-13 -0.000280277	
1.24	-4.83096e-11 -1.567e-13 -0.000280277	
1.25	-4.83096e-11 -1.567e-13 -0.000280277	
1.26	-4.83096e-11 -1.567e-13 -0.000280277	
1.27	-4.83096e-11 -1.567e-13 -0.000280277	
1.28	-4.83096e-11 -1.567e-13 -0.000280277	
1.29	-4.83096e-11 -1.567e-13 -0.000280277	
1.3	-4.83096e-11 -1.567e-13 -0.000280277	
1.31	-4.83096e-11 -1.567e-13 -0.000280277	
1.32	-4.83096e-11 -1.567e-13 -0.000280277	
1.33	-4.83096e-11 -1.567e-13 -0.000280277	
1.34	-4.83096e-11 -1.567e-13 -0.000280277	
1.35	-4.83096e-11 -1.567e-13 -0.000280277	
1.36	-4.83096e-11 -1.567e-13 -0.000280277	
1.37	-4.83096e-11 -1.567e-13 -0.000280277	
1.38	-4.83096e-11 -1.567e-13 -0.000280277	
1.39	-4.83096e-11 -1.567e-13 -0.000280277	
1.4	-4.83096e-11 -1.567e-13 -0.000280277	
1.41	-4.83096e-11 -1.567e-13 -0.000280277	
1.42	-4.83096e-11 -1.567e-13 -0.000280277	
1.43	-4.83096e-11 -1.567e-13 -0.000280277	
1.44	-4.83096e-11 -1.567e-13 -0.000280277	
1.45	-4.83096e-11 -1.567e-13 -0.000280277	
1.46	-4.83096e-11 -1.567e-13 -0.000280277	
1.47	-4.83096e-11 -1.567e-13 -0.000280277	
1.48	-4.83096e-11 -1.567e-13 -0.000280277	
1.49	-4.83096e-11 -1.567e-13 -0.000280277	
1.5	-4.83096e-11 -1.567e-13 -0.000280277	
1.51	-4.83096e-11 -1.567e-13 -0.000280277	
1.52	-4.83096e-11 -1.567e-13 -0.000280277	
1.53	-4.83096e-11 -1.567e-13 -0.000280277	
1.54	-4.83096e-11 -1.567e-13 -0.000280277	
1.55	-4.83096e-11 -1.567e-13 -0.000280277	
1.56	-4.83096e-11 -1.567e-13 -0.000280277	
1.57	-4.83096e-11 -1.567e-13 -0.000280277	
1.58	-4.83096e-11 -1.567e-13 -0.000280277	
1.59	-4.83096e-11 -1.567e-13 -0.000280277	
1.6	-4.83096e-11 -1.567e-13 -0.000280277	
1.61	-4.83096e-11 -1.567e-13 -0.000280277	
1.62	-4.83096e-11 -1.567e-13 -0.000280277	
1.63	-4.83096e-11 -1.567e-13 -0.000280277	
1.64	-4.83096e-11 -1.567e-13 -0.000280277	
1.65	-4.83096e-11 -1.567e-13 -0.000280277	
1.66	-4.83096e-11 -1.567e-13 -0.000280277	
1.67	-4.83096e-11 -1.567e-13 -0.000280277	
1.68	-4.83096e-11 -1.567e-13 -0.000280277	
1.69	-4.83096e-11 -1.567e-13 -0.000280277	
1.7	-4.83096e-11 -1.567e-13 -0.000280277	
1.71	-4.83096e-11 -1.567e-13 -0.000280277	
1.72	-4.83096e-11 -1.567e-13 -0.000280277	
1.73	-4.83096e-11 -1.567e-13 -0.000280277	
1.74	-4.83096e-11 -1.567e-13 -0.000280277	
1.75	-4.83096e-11 -1.567e-13 -0.000280277	
1.76	-4.83096e-11 -1.567e-13 -0.000280277	
1.77	-4.83096e-11 -1.567e-13 -0.000280277	
1.78	-4.83096e-11 -1.567e-13 -0.000280277	
1.79	-4.83096e-11 -1.567e-13 -0.000280277	
1.8	-4.83096e-11 -1.567e-13 -0.000280277	
1.81	-4.83096e-11 -1.567e-13 -0.000280277	
1.82	-4.83096e-11 -1.567e-13 -0.000280277	
1.83	-4.83096e-11 -1.567e-13 -0.000280277	
1.84	-4.83096e-11 -1.567e-13 -0.000280277	
1.85	-4.83096e-11 -1.567e-13 -0.000280277	
1.86	-4.83096e-11 -1.567e-13 -0.000280277	
1.87	-4.83096e-11 -1.567e-13 -0.000280277	
1.88	-4.83096e-11 -1.567e-13 -0.000280277	
1.89	-4.83096e-11 -1.567e-13 -0.000280277	
1.9	-4.83096e-11 -1.567e-13 -0.000280277	
1.91	-4.83096e-11 -1.567e-13 -0.000280277	
1.92	-4.83096e-11 -1.567e-13 -0.000280277	
1.93	-4.83096e-11 -1.567e-13 -0.000280277	
1.94	-4.83096e-11 -1.567e-13 -0.000280277	
1.95	-4.83096e-11 -1.567e-13 -0.000280277	
1.96	-4.83096e-11 -1.567e-13 -0.000280277	
1.97	-4.83096e-11 -1.567e-13 -0.000280277	
1.98	-4.83096e-11 -1.567e-13 -0.000280277	
1.99	-4.83096e-11 -1.567e-13 -0.000280277	
2	-4.83096e-11 -1.567e-13 -0.000280277	
2.01	-4.83096e-11 -1.567e-13 -0.000280277	
2.02	-4.83096e-11 -1.567e-13 -0.000280277	
2.03	-4.83096e-11 -1.567e-13 -0.000280277	
2.04	-4.83096e-11 -1.567e-13 -0.000280277	
2.05	-4.83096e-11 -1.567e-13 -0.000280277	
2.06	-4.83096e-11 -1.567e-13 -0.000280277	
2.07	-4.83096e-11 -1.567e-13 -0.000280277	
2.08	-4.83096e-11 -1.567e-13 -0.000280277	
2.09	-4.83096e-11 -1.567e-13 -0.000280277	
2.1	-4.83096e-11 -1.567e-13 -0.000280277	
2.11	-4.83096e-11 -1.567e-13 -0.000280277	
2.12	-4.83096e-11 -1.567e-13 -0.000280277	
2.13	-4.83096e-11 -1.567e-13 -0.000280277	
2.14	-4.83096e-11 -1.567e-13 -0.000280277	
2.15	-4.83096e-11 -1.567e-13 -0.000280277	
2.16	-4.83096e-11 -1.567e-13 -0.000280277	
2.17	-4.83096e-11 -1.567e-13 -0.000280277	
2.18	-4.83096e-11 -1.567e-13 -0.000280277	
2.19	-4.83096e-11 -1.567e-13 -0.000280277	
2.2	-4.83096e-11 -1.567e-13 -0.000280277	
2.21	-4.83096e-11 -1.567e-13 -0.000280277	
2.22	-4.83096e-11 -1.567e-13 -0.000280277	
2.23	-4.83096e-11 -1.567e-13 -0.000280277	
2.24	-4.83096e-11 -1.567e-13 -0.000280277	
2.25	-4.83096e-11 -1.567e-13 -0.000280277	
2.26	-4.83096e-11 -1.567e-13 -0.000280277	
2.27	-4.83096e-11 -1.567e-13 -0.000280277	
2.28	-4.83096e-11 -1.567e-13 -0.000280277	
2.29	-4.83096e-11 -1.567e-13 -0.000280277	
2.3	-4.83096e-11 -1.567e-13 -0.000280277	
2.31	-4.83096e-11 -1.567e-13 -0.000280277	
2.32	-4.83096e-11 -1.567e-13 -0.000280277	
2.33	-4.83096e-11 -1.567e-13 -0.000280277	
2.34	-4.83096e-11 -1.567e-13 -0.000280277	
2.35	-4.83096e-11 -1.567e-13 -0.000280277	
2.36	-4.83096e-11 -1.567e-13 -0.000280277	
2.37	-4.83096e-11 -1.567e-13 -0.000280277	
2.38	-4.83096e-11 -1.567e-13 -0.000280277	
2.39	-4.83096e-11 -1.567e-13 -0.000280277	
2.4	-4.83096e-11 -1.567e-13 -0.000280277	
2.41	-4.83096e-11 -1.567e-13 -0.000280277	
2.42	-4.83096e-11 -1.567e-13 -0.000280277	
2.43	-4.83096e-11 -1.567e-13 -0.000280277	
2.44	-4.83096e-11 -1.567e-13 -0.000280277	
2.45	-4.83096e-11 -1.567e-13 -0.000280277	
2.46	-4.83096e-11 -1.567e-13 -0.000280277	
2.47	-4.83096e-11 -1.567e-13 -0.000280277	
2.48	-4.83096e-11 -1.567e-13 -0.000280277	
2.49	-4.83096e-11 -1.567e-13 -0.000280277	
2.5	-4.83096e-11 -1.567e-13 -0.000280277	
2.51	-4.83096e-11 -1.567e-13 -0.000280277	
2.52	-4.83096e-11 -1.567e-13 -0.000280277	
2.53	-4.83096e-11 -1.567e-13 -0.000280277	
2.54	-4.83096e-11 -1.567e-13 -0.000280277	
2.55	-4.83096e-11 -1.567e-13 -0.000280277	
2.56	-4.83096e-11 -1.567e-13 -0.000280277	
2.57	-4.83096e-11 -1.567e-13 -0.000280277	
2.58	-4.83096e-11 -1.567e-13 -0.000280277	
2.59	-4.83096e-11 -1.567e-13 -0.000280277	
2.6	-4.83096e-11 -1.567e-13 -0.000280277	
2.61	-4.83096e-11 -1.567e-13 -0.000280277	
2.62	-4.83096e-11 -1.567e-13 -0.000280277	
2.63	-4.83096e-11 -1.567e-13 -0.000280277	
2.64	-4.83096e-11 -1.567e-13 -0.000280277	
2.65	-4.83096e-11 -1.567e-13 -0.000280277	
2.66	-4.83096e-11 -1.567e-13 -0.000280277	
2.67	-4.83096e-11 -1.567e-13 -0.000280277	
2.68	-4.83096e-11 -1.567e-13 -0.000280277	
2.69	-4.83096e-11 -1.567e-13 -0.000280277	
2.7	-4.83096e-11 -1.567e-13 -0.000280277	
2.71	-4.83096e-11 -1.567e-13 -0.000280277	
2.72	-4.83096e-11 -1.567e-13 -0.000280277	
2.73	-4.83096e-11 -1.567e-13 -0.000280277	
2.74	-4.83096e-11 -1.567e-13 -0.000280277	
2.75	-4.83096e-11 -1.567e-13 -0.000280277	
2.76	-4.83096e-11 -1.567e-13 -0.000280277	
2.77	-4.83096e-11 -1.567e-13 -0.000280277	
2.78	-4.83096e-11 -1.567e-13 -0.000280277	
2.79	-4.83096e-11 -1.567e-13 -0.000280277	
2.8	-4.83096e-11 -1.567e-13 -0.000280277	
2.81	-4.83096e-11 -1.567e-13 -0.000280277	
2.82	-4.83096e-11 -1.567e-13 -0.000280277	
2.83	-4.83096e-11 -1.567e-13 -0.000280277	
2.84	-4.83096e-11 -1.567e-13 -0.000280277	
2.85	-4.83096e-11 -1.567e-13 -0.000280277	
2.86	-4.83096e-11 -1.567e-13 -0.000280277	
2.87	-4.83096e-11 -1.567e-13 -0.000280277	
2.88	-4.83096e-11 -1.567e-13 -0.000280277	
2.89	-4.83096e-11 -1.567e-13 -0.000280277	
2.9	-4.83096e-11 -1.567e-13 -0.000280277	
2.91	-4.83096e-11 -1.567e-13 -0.000280277	
2.92	-4.83096e-11 -1.567e-13 -0.000280277	
2.93	-4.83096e-11 -1.567e-13 -0.000280277	
2.94	-4.83096e-11 -1.567e-13 -0.000280277	
2.95	-4.83096e-11 -1.567e-13 -0.000280277	
2.96	-4.83096e-11 -1.567e-13 -0.000280277	
2.97	-4.83096e-11 -1.567e-13 -0.000280277	
2.98	-4.83096e-11 -1.567e-13 -0.000280277	
2.99	-4.83096e-11 -1.567e-13 -0.000280277	
3	-4.83096e-11 -1.567e-13 -0.000280277	
3.01	-4.83096e-11 -1.567e-13 -0.000280277	
3.02	-4.83096e-11 -1.567e-13 -0.000280277	
3.03	-4.83096e-11 -1.567e-13 -0.000280277	
3.04	-4.83096e-11 -1.567e-13 -0.000280277	
3.05	-4.83096e-11 -1.567e-13 -0.000280277	
3.06	-4.83096e-11 -1.567e-13 -0.000280277	
3.07	-4.83096e-11 -1.567e-13 -0.000280277	
3.08	-4.83096e-11 -1.567e-13 -0.000280277	
3.09	-4.83096e-11 -1.567e-13 -0.000280277	
3.1	-4.83096e-11 -1.567e-13 -0.000280277	
3.11	-4.83096e-11 -1.567e-13 -0.000280277	
3.12	-4.83096e-11 -1.567e-13 -0.000280277	
3.13	-4.83096e-11 -1.567e-13 -0.000280277	
3.14	-4.83096e-11 -1.567e-13 -0.000280277	
3.15	-4.83096e-11 -1.567e-13 -0.000280277	
3.16	-4.83096e-11 -1.567e-13 -0.000280277	
3.17	-4.83096e-11 -1.567e-13 -0.000280277	
3.18	-4.83096e-11 -1.567e-13 -0.000280277	
3.19	-4.83096e-11 -1.567e-13 -0.000280277	
3.2	-4.83096e-11 -1.567e-13 -0.000280277	
3.21	-4.83096e-11 -1.567e-13 -0.000280277	
3.22	-4.83096e-11 -1.567e-13 -0.000280277	
3.23	-4.83096e-11 -1.567e-13 -0.000280277	
3.24	-4.83096e-11 -1.567e-13 -0.000280277	
3.25	-4.83096e-11 -1.567e-13 -0.000280277	
3.26	-4.83096e-11 -1.567e-13 -0.000280277	
3.27	-4.83096e-11 -1.567e-13 -0.000280277	
3.28	-4.83096e-11 -1.567e-13 -0.000280277	
3.29	-4.83096e-11 -1.567e-13 -0.000280277	
3.3	-4.83096e-11 -1.567e-13 -0.000280277	
3.31	-4.83096e-11 -1.567e-13 -0.000280277	
3.32	-4.83096e-11 -1.567e-13 -0.000280277	
3.33	-4.83096e-11 -1.567e-13 -0.000280277	
3.34	-4.83096e-11 -1.567e-13 -0.000280277	
3.35	-4.83096e-11 -1.567e-13 -0.000280277	
3.36	-4.83096e-11 -1.567e-13 -0.000280277	
3.37	-4.83096e-11 -1.567e-13 -0.000280277	
3.38	-4.83096e-11 -1.567e-13 -0.000280277	
3.39	-4.83096e-11 -1.567e-13 -0.000280277	
3.4	-4.83096e-11 -1.567e-13 -0.000280277	
3.41	-4.83096e-11 -1.567e-13 -0.000280277	
3.42	-4.83096e-11 -1.567e-13 -0.000280277	
3.43	-4.83096e-11 -1.567e-13 -0.000280277	
3.44	-4.83096e-11 -1.567e-13 -0.000280277	
3.45	-4.83096e-11 -1.567e-13 -0.000280277	
3.46	-4.83096e-11 -1.567e-13 -0.000280277	
3.47	-4.83096e-11 -1.567e-13 -0.000280277	
3.48	-4.83096e-11 -1.567e-13 -0.000280277	
3.49	-4.83096e-11 -1.567e-13 -0.000280277	
3.5	-4.83096e-11 -1.567e-13 -0.000280277	
3.51	-4.83096e-11 -1.567e-13 -0.000280277	
3.52	-4.83096e-11 -1.567e-13 -0.000280277	
3.53	-4.83096e-11 -1.567e-13 -0.000280277	
3.54	-4.83096e-11 -1.567e-13 -0.000280277	
3.55	-4.83096e-11 -1.567e-13 -0.000280277	
3.56	-4.83096e-11 -1.567e-13 -0.000280277	
3.57	-4.83096e-11 -1.567e-13 -0.000280277	
3.58	-4.83096e-11 -1.567e-13 -0.000280277	
3.59	-4.83096e-11 -1.567e-13 -0.000280277	
3.6	-4.83096e-11 -1.567e-13 -0.000280277	
3.61	-4.83096e-11 -1.567e-13 -0.000280277	
3.62	-4.83096e-11 -1.567e-13 -0.000280277	
3.63	-4.83096e-11 -1.567e-13 -0.000280277	
3.64	-4.83096e-11 -1.567e-13 -0.000280277	
3.65	-4.83096e-11 -1.567e-13 -0.000280277	
3.66	-4.83096e-11 -1.567e-13 -0.000280277	
3.67	-4.83096e-11 -1.567e-13 -0.000280277	
3.68	-4.83096e-11 -1.567e-13 -0.000280277	
3.69	-4.83096e-11 -1.567e-13 -0.000280277	
3.7	-4.83096e-11 -1.567e-13 -0.000280277	
3.71	-4.83096e-11 -1.567e-13 -0.000280277	
3.72	-4.83096e-11 -1.567e-13 -0.000280277	
3.73	-4.83096e-11 -1.567e-13 -0.000280277	
3.74	-4.83096e-11 -1.567e-13 -0.000280277	
3.75	-4.83096e-11 -1.567e-13 -0.000280277	
3.76	-4.83096e-11 -1.567e-13 -0.000280277	
3.77	-4.83096e-11 -1.567e-13 -0.000280277	
3.78	-4.83096e-11 -1.567e-13 -0.000280277	
3.79	-4.83096e-11 -1.567e-13 -0.000280277	
3.8	-4.83096e-11 -1.567e-13 -0.000280277	
3.81	-4.83096e-11 -1.567e-13 -0.000280277	
3.82	-4.83096e-11 -1.567e-13 -0.000280277	
3.83	-4.83096e-11 -1.567e-13 -0.000280277	
3.84	-4.83096e-11 -1.567e-13 -0.000280277	
3.85	-4.83096e-11 -1.567e-13 -0.000280277	
3.86	-4.83096e-11 -1.567e-13 -0.000280277	
3.87	-4.83096e-11 -1.567e-13 -0.000280277	
3.88	-4.83096e-11 -1.567e-13 -0.000280277	
3.89	-4.83096e-11 -1.567e-13 -0.000280277	
3.9	-4.83096e-11 -1.567e-13 -0.000280277	
3.91	-4.83096e-11 -1.567e-13 -0.000280277	
3.92	-4.83096e-11 -1.567e-13 -0.000280277	
3.93	-4.83096e-11 -1.567e-13 -0.000280277	
3.94	-4.83096e-11 -1.567e-13 -0.000280277	
3.95	-4.83096e-11 -1.567e-13 -0.000280277	
3.96	-4.83096e-11 -1.567e-13 -0.000280277	
3.97	-4.83096e-11 -1.567e-13 -0.000280277	
3.98	-4.83096e-11 -1.567e-13 -0.000280277	
3.99	-4.83096e-11 -1.567e-13 -0.000280277	
4	-4.83096e-11 -1.567e-13 -0.000280277	
4.01	-4.83096e-11 -1.567e-13 -0.000280277	
4.02	-4.83096e-11 -1.567e-13 -0.000280277	
4.03	-4.83096e-11 -1.567e-13 -0.000280277	
4.04	-4.83096e-11 -1.567e-13 -0.000280277	
4.05	-4.83096e-11 -1.567e-13 -0.000280277	
4.06	-4.83096e-11 -1.567e-13 -0.000280277	
4.07	-4.83096e-11 -1.567e-13 -0.000280277	
4.08	-4.83096e-11 -1.567e-13 -0.000280277	
4.09	-4.83096e-11 -1.567e-13 -0.000280277	
4.1	-4.83096e-11 -1.567e-13 -0.000280277	
4.11	-4.83096e-11 -1.567e-13 -0.000280277	
4.12	-4.83096e-11 -1.567e-13 -0.000280277	
4.13	-4.83096e-11 -1.567e-13 -0.000280277	
4.14	-4.83096e-11 -1.567e-13 -0.000280277	
4.15	-4.83096e-11 -1.567e-13 -0.000280277	
4.16	-4.83096e-11 -1.567e-13 -0.000280277	
4.17	-4.83096e-11 -1.567e-13 -0.000280277	
4.18	-4.83096e-11 -1.567e-13 -0.000280277	
4.19	-4.83096e-11 -1.567e-13 -0.000280277	
4.2	-4.83096e-11 -1.567e-13 -0.000280277	
4.21	-4.83096e-11 -1.567e-13 -0.000280277	
4.22	-4.83096e-11 -1.567e-13 -0.000280277	
4.23	-4.83096e-11 -1.567e-13 -0.000280277	
4.24	-4.83096e-11 -1.567e-13 -0.000280277	
4.25	-4.83096e-11 -1.567e-13 -0.000280277	
4.26	-4.83096e-11 -1.567e-13 -0.000280277	
4.27	-4.83096e-11 -1.567e-13 -0.000280277	
4.28	-4.83096e-11 -1.567e-13 -0.000280277	
4.29	-4.83096e-11 -1.567e-13 -0.000280277	
4.3	-4.83096e-11 -1.567e-13 -0.000280277	
4.31	-4.83096e-11 -1.567e-13 -0.000280277	
4.32	-4.83096e-11 -1.567e-13 -0.000280277	
4.33	-4.83096e-11 -1.567e-13 -0.000280277	
4.34	-4.83096e-11 -1.567e-13 -0.000280277	
4.35	-4.83096e-11 -1.567e-13 -0.000280277	
4.36	-4.83096e-11 -1.567e-13 -0.000280277	
4.37	-4.83096e-11 -1.567e-13 -0.000280277	
4.38	-4.83096e-11 -1.567e-13 -0.000280277	
4.39	-4.83096e-11 -1.567e-13 -0.000280277	
4.4	-4.83096e-11 -1.567e-13 -0.000280277	
4.41	-4.83096e-11 -1.567e-13 -0.000280277	
4.42	-4.83096e-11 -1.567e-13 -0.000280277	
4.43	-4.83096e-11 -1.567e-13 -0.000280277	
4.44	-4.83096e-11 -1.567e-13 -0.000280277	
4.45	-4.83096e-11 -1.567e-13 -0.000280277	
4.46	-4.83096e-11 -1.567e-13 -0.000280277	
4.47	-4.83096e-11 -1.567e-13 -0.000280277	
4.48	-4.83096e-11 -1.567e-13 -0.000280277	
4.49	-4.83096e-11 -1.567e-13 -0.000280277	
4.5	-4.83096e-11 -1.567e-13 -0.000280277	
4.51	-4.83096e-11 -1.567e-13 -0.000280277	
4.52	-4.83096e-11 -1.567e-13 -0.000280277	
4.53	-4.83096e-11 -1.567e-13 -0.000280277	
4.54	-4.83096e-11 -1.567e-13 -0.000280277	
4.55	-4.83096e-11 -1.567e-13 -0.000280277	
4.56	-4.83096e-11 -1.567e-13 -0.000280277	
4.57	-4.83096e-11 -1.567e-13 -0.000280277	
4.58	-4.83096e-11 -1.567e-13 -0.000280277	
4.59	-4.83096e-11 -1.567e-13 -0.000280277	
4.6	-4.83096e-11 -1.567e-13 -0.000280277	
4.61	-4.83096e-11 -1.567e-13 -0.000280277	
4.62	-4.83096e-11 -1.567e-13 -0.000280277	
4.63	-4.83096e-11 -1.567e-13 -0.000280277	
4.64	-4.83096e-11 -1.567e-13 -0.000280277	
4.65	-4.83096e-11 -1.567e-13 -0.000280277	
4.66	-4.83096e-11 -1.567e-13 -0.000280277	
4.67	-4.83096e-11 -1.567e-13 -0.000280277	
4.68	-4.83096e-11 -1.567e-13 -0.000280277	
4.69	-4.83096e-11 -1.567e-13 -0.000280277	
4.7	-4.83096e-11 -1.567e-13 -0.000280277	
4.71	-4.83096e-11 -1.567e-13 -0.000280277	
4.72	-4.83096e-11 -1.567e-13 -0.000280277	
4.73	-4.83096e-11 -1.567e-13 -0.000280277	
4.74	-4.83096e-11 -1.567e-13 -0.000280277	
4.75	-4.83096e-11 -1.567e-13 -0.000280277	
4.76	-4.83096e-11 -1.567e-13 -0.000280277	
4.77	-4.83096e-11 -1.567e-13 -0.000280277	
4.78	-4.83096e-11 -1.567e-13 -0.000280277	
4.79	-4.83096e-11 -1.567e-13 -0.000280277	
4.8	-4.83096e-11 -1.567e-13 -0.000280277	
4.81	-4.83096e-11 -1.567e-13 -0.000280277	
4.82	-4.83096e-11 -1.567e-13 -0.000280277	
4.83	-4.83096e-11 -1.567e-13 -0.000280277	
4.84	-4.83096e-11 -1.567e-13 -0.000280277	
4.85	-4.83096e-11 -1.567e-13 -0.000280277	
4.86	-4.83096e-11 -1.567e-13 -0.000280277	
4.87	-4.83096e-11 -1.567e-13 -0.000280277	
4.88	-4.83096e-11 -1.567e-13 -0.000280277	
4.89	-4.83096e-11 -1.567e-13 -0.000280277	
4.9	-4.83096e-11 -1.567e-13 -0.000280277	
4.91	-4.83096e-11 -1.567e-13 -0.000280277	
4.92	-4.83096e-11 -1.567e-13 -0.000280277	
4.93	-4.83096e-11 -1.567e-13 -0.000280277	
4.94	-4.83096e-11 -1.567e-13 -0.000280277	
4.95	-4.83096e-11 -1.567e-13 -0.000280277	
4.96	-4.83096e-11 -1.567e-13 -0.000280277	
4.97	-4.83096e-11 -1.567e-13 -0.000280277	
4.98	-4.83096e-11 -1.567e-13 -0.000280277	
4.99	-4.83096e-11 -1.567e-13 -0.000280277	
5	-4.83096e-11 -1.567e-13 -0.000280277	
5.01	-4.83096e-11 -1.567e-13 -0.000280277	
5.02	-4.83096e-11 -1.567e-13 -0.000280277	
5.03	-4.83096e-11 -1.567e-13 -0.000280277	
5.04	-4.83096e-11 -1.567e-13 -0.000280277	
5.05	-4.83096e-11 -1.567e-13 -0.000280277	
5.06	-4.83096e-11 -1.567e-13 -0.000280277	
5.07	-4.83096e-11 -1.567e-13 -0.000280277	
5.08	-4.83096e-11 -1.567e-13 -0.000280277	
5.09	-4.83096e-11 -1.567e-13 -0.000280277	
5.1	-4.83096e-11 -1.567e-13 -0.000280277	
5.11	-4.83096e-11 -1.567e-13 -0.000280277	
5.12	-4.83096e-11 -1.567e-13 -0.000280277	
5.13	-4.83096e-11 -1.567e-13 -0.000280277	
5.14	-4.83096e-11 -1.567e-13 -0.000280277	
5.15	-4.83096e-11 -1.567e-13 -0.000280277	
5.16	-4.83096e-11 -1.567e-13 -0.000280277	
5.17	-4.83096e-11 -1.567e-13 -0.000280277	
5.18	-4.83096e-11 -1.567e-13 -0.000280277	
5.19	-4.83096e-11 -1.567e-13 -0.000280277	
5.2	-4.83096e-11 -1.567e-13 -0.000280277	
5.21	-4.83096e-11 -1.567e-13 -0.000280277	
5.22	-4.83096e-11 -1.567e-13 -0.000280277	
5.23	-4.83096e-11 -1.567e-13 -0.000280277	
5.24	-4.83096e-11 -1.567e-13 -0.000280277	
5.25	-4.83096e-11 -1.567e-13 -0.000280277	
5.26	-4.83096e-11 -1.567e-13 -0.000280277	
5.27	-4.83096e-11 -1.567e-13 -0.000280277	
5.28	-4.83096e-11 -1.567e-13 -0.000280277	
5.29	-4.83096e-11 -1.567e-13 -0.000280277	
5.3	-4.83096e-11 -1.567e-13 -0.000280277	
5.31	-4.83096e-11 -1.567e-13 -0.000280277	
5.32	-4.83096e-11 -1.567e-13 -0.000280277	
5.33	-4.83096e-11 -1.567e-13 -0.000280277	
5.34	-4.83096e-11 -1.567e-13 -0.000280277	
5.35	-4.83096e-11 -1.567e-13 -0.000280277	
5.36	-4.83096e-11 -1.567e-13 -0.000280277	
5.37	-4.83096e-11 -1.567e-13 -0.000280277	
5.38	-4.83096e-11 -1.567e-13 -0.000280277	
5.39	-4.83096e-11 -1.567e-13 -0.000280277	
5.4	-4.83096e-11 -1.567e-13 -0.000280277	
5.41	-4.83096e-11 -1.567e-13 -0.000280277	
5.42	-4.83096e-11 -1.567e-13 -0.000280277	
5.43	-4.83096e-11 -1.567e-13 -0.000280277	
5.44	-4.83096e-11 -1.567e-13 -0.000280277	
5.45	-4.83096e-11 -1.567e-13 -0.000280277	
5.46	-4.83096e-11 -1.567e-13 -0.000280277	
5.47	-4.83096e-11 -1.567e-13 -0.000280277	
5.48	-4.83096e-11 -1.567e-13 -0.000280277	
5.49	-4.83096e-11 -1.567e-13 -0.000280277	
5.5	-4.83096e-11 -1.567e-13 -0.000280277	
5.51	-4.83096e-11 -1.567e-13 -0.000280277	
5.52	-4.83096e-11 -1.567e-13 -0.000280277	
5.53	-4.83096e-11 -1.567e-13 -0.000280277	
5.54	-4.83096e-11 -1.567e-13 -0.000280277	
5.55	-4.83096e-11 -1.567e-13 -0.000280277	
5.56	-4.83096e-11 -1.567e-13 -0.000280277	
5.57	-4.83096e-11 -1.567e-13 -0.000280277	
5.58	-4.83096e-11 -1.567e-13 -0.000280277	
5.59	-4.83096e-11 -1.567e-13 -0.000280277	
5.6	-4.83096e-11 -1.567e-13 -0.000280277	
5.61	-4.83096e-11 -1.567e-13 -0.000280277	
5.62	-4.83096e-11 -1.567e-13 -0.000280277	
5.63	-4.83096e-11 -1.567e-13 -0.000280277	
5.64	-4.83096e-11 -1.567e-13 -0.000280277	
5.65	-4.83096e-11 -1.567e-13 -0.000280277	
5.66	-4.83096e-11 -1.567e-13 -0.000280277	
5.67	-4.83096e-11 -1.567e-13 -0.000280277	
5.68	-4.83096e-11 -1.567e-13 -0.000280277	
5.69	-4.83096e-11 -1.567e-13 -0.000280277	
5.7	-4.83096e-11 -1.567e-13 -0.000280277	
5.71	-4.83096e-11 -1.567e-13 -0.000280277	
5.72	-4.83096e-11 -1.567e-13 -0.000280277	
5.73	-4.83096e-11 -1.567e-13 -0.000280277	
5.74	-4.83096e-11 -1.567e-13 -0.000280277	
5.75	-4.83096e-11 -1.567e-13 -0.000280277	
5.76	-4.83096e-11 -1.567e-13 -0.000280277	
5.77	-4.83096e-11 -1.567e-13 -0.000280277	
5.78	-4.83096e-11 -1.567e-13 -0.000280277	
5.79	-4.83096e-11 -1.567e-13 -0.000280277	
5.8	-4.83096e-11 -1.567e-13 -0.000280277	
5.81	-4.83096e-11 -1.567e-13 -0.000280277	
5.82	-4.83096e-11 -1.567e-13 -0.000280277	
5.83	-4.83096e-11 -1.567e-13 -0.000280277	
5.84	-4.83096e-11 -1.567e-13 -0.000280277	
5.85	-4.83096e-11 -1.567e-13 -0.000280277	
5.86	-4.83096e-11 -1.567e-13 -0.000280277	
5.87	-4.83096e-11 -1.567e-13 -0.000280277	
5.88	-4.83096e-11 -1.567e-13 -0.000280277	
5.89	-4.83096e-11 -1.567e-13 -0.000280277	
5.9	-4.83096e-11 -1.567e-13 -0.000280277	
5.91	-4.83096e-11 -1.567e-13 -0.000280277	
5.92	-4.83096e-11 -1.567e-13 -0.000280277	
5.93	-4.83096e-11 -1.567e-13 -0.000280277	
5.94	-4.83096e-11 -1.567e-13 -0.000280277	
5.95	-4.83096e-11 -1.567e-13 -0.000280277	
5.96	-4.83096e-11 -1.567e-13 -0.000280277	
5.97	-4.83096e-11 -1.567e-13 -0.000280277	
5.98	-4.83096e-11 -1.567e-13 -0.000280277	
5.99	-4.83096e-11 -1.567e-13 -0.000280277	
6	-4.83096e-11 -1.567e-13 -0.000280277	
6.01	-4.83096e-11 -1.567e-13 -0.000280277	
6.02	-4.83096e-11 -1.567e-13 -0.000280277	
6.03	-4.83096e-11 -1.567e-13 -0.000280277	
6.04	-4.83096e-11 -1.567e-13 -0.000280277	
6.05	-4.83096e-11 -1.567e-13 -0.000280277	
6.06	-4.83096e-11 -1.567e-13 -0.000280277	
6.07	-4.83096e-11 -1.567e-13 -0.000280277	
6.08	-4.83096e-11 -1.567e-13 -0.000280277	
6.09	-4.83096e-11 -1.567e-13 -0.000280277	
6.1	-4.83096e-11 -1.567e-13 -0.000280277	
6.11	-4.83096e-11 -1.567e-13 -0.000280277	
6.12	-4.83096e-11 -1.567e-13 -0.000280277	
6.13	-4.83096e-11 -1.567e-13 -0.000280277	
6.14	-4.83096e-11 -1.567e-13 -0.000280277	
6.15	-4.83096e-11 -1.567e-13 -0.000280277	
6.16	-4.83096e-11 -1.567e-13 -0.000280277	
6.17	-4.83096e-11 -1.567e-13 -0.000280277	
6.18	-4.83096e-11 -1.567e-13 -0.000280277	
6.19	-4.83096e-11 -1.567e-13 -0.000280277	
6.2	-4.83096e-11 -1.567e-13 -0.000280277	
6.21	-4.83096e-11 -1.567e-13 -0.000280277	
6.22	-4.83096e-11 -1.567e-13 -0.000280277	
6.23	-4.83096e-11 -1.567e-13 -0.000280277	
6.24	-4.83096e-11 -1.567e-13 -0.000280277	
6.25	-4.83096e-11 -1.567e-13 -0.000280277	
6.26	-4.83096e-11 -1.567e-13 -0.000280277	
6.27	-4.83096e-11 -1.567e-13 -0.000280277	
6.28	-4.83096e-11 -1.567e-13 -0.000280277	
6.29	-4.83096e-11 -1.567e-13 -0.000280277	
6.3	-4.83096e-11 -1.567e-13 -0.000280277	
6.31	-4.83096e-11 -1.567e-13 -0.000280277	
6.32	-4.83096e-11 -1.567e-13 -0.000280277	
6.33	-4.83096e-11 -1.567e-13 -0.000280277	
6.34	-4.83096e-11 -1.567e-13 -0.000280277	
6.35	-4.83096e-11 -1.567e-13 -0.000280277	
6.36	-4.83096e-11 -1.567e-13 -0.000280277	
6.37	-4.83096e-11 -1.567e-13 -0.000280277	
6.38	-4.83096e-11 -1.567e-13 -0.000280277	
6.39	-4.83096e-11 -1.567e-13 -0.000280277	
6.4	-4.83096e-11 -1.567e-13 -0.000280277	
6.41	-4.83096e-11 -1.567e-13 -0.000280277	
6.42	-4.83096e-11 -1.567e-13 -0.000280277	
6.43	-4.83096e-11 -1.567e-13 -0.000280277	
6.44	-4.83096e-11 -1.567e-13 -0.000280277	
6.45	-4.83096e-11 -1.567e-13 -0.000280277	
6.46	-4.83096e-11 -1.567e-13 -0.000280277	
6.47	-4.83096e-11 -1.567e-13 -0.000280277	
6.48	-4.83096e-11 -1.567e-13 -0.000280277	
6.49	-4.83096e-11 -1.567e-13 -0.000280277	
6.5	-4.83096e-11 -1.567e-13 -0.000280277	
6.51	-4.83096e-11 -1.567e-13 -0.000280277	
6.52	-4.83096e-11 -1.567e-13 -0.000280277	
6.53	-4.83096e-11 -1.567e-13 -0.000280277	
6.54	-4.83096e-11 -1.567e-13 -0.000280277	
6.55	-4.83096e-11 -1.567e-13 -0.000280277	
6.56	-4.83096e-11 -1.567e-13 -0.000280277	
6.57	-4.83096e-11 -1.567e-13 -0.000280277	
6.58	-4.83096e-11 -1.567e-13 -0.000280277	
6.59	-4.83096e-11 -1.567e-13 -0.000280277	
6.6	-4.83096e-11 -1.567e-13 -0.000280277	
6.61	-4.83096e-11 -1.567e-13 -0.000280277	
6.62	-4.83096e-11 -1.567e-13 -0.000280277	
6.63	-4.83096e-11 -1.567e-13 -0.000280277	
6.64	-4.83096e-11 -1.567e-13 -0.000280277	
6.65	-4.83096e-11 -1.567e-13 -0.000280277	
6.66	-4.83096e-11 -1.567e-13 -0.000280277	
6.67	-4.83096e-11 -1.567e-13 -0.000280277	
6.68	-4.83096e-11 -1.567e-13 -0.000280277	
6.69	-4.83096e-11 -1.567e-13 -0.000280277	
6.7	-4.83096e-11 -1.567e-13 -0.000280277	
6.71	-4.83096e-11 -1.567e-13 -0.000280277	
6.72	-4.83096e-11 -1.567e-13 -0.000280277	
6.73	-4.83096e-11 -1.567e-13 -0.000280277	
6.74	-4.83096e-11 -1.567e-13 -0.000280277	
6.75	-4.83096e-11 -1.567e-13 -0.000280277	
6.76	-4.83096e-11 -1.567e-13 -0.000280277	
6.77	-4.83096e-11 -1.567e-13 -0.000280277	
6.78	-4.83096e-11 -1.567e-13 -0.000280277	
6.79	-4.83096e-11 -1.567e-13 -0.000280277	
6.8	-4.83096e-11 -1.567e-13 -0.000280277	
6.81	-4.83096e-11 -1.567e-13 -0.000280277	
6.82	-4.83096e-11 -1.567e-13 -0.000280277	
6.83	-4.83096e-11 -1.567e-13 -0.000280277	
6.84	-4.83096e-11 -1.567e-13 -0.000280277	
6.85	-4.83096e-11 -1.567e-13 -0.000280277	
6.86	-4.83096e-11 -1.567e-13 -0.000280277	
6.87	-4.83096e-11 -1.567e-13 -0.000280277	
6.88	-4.83096e-11 -1.567e-13 -0.000280277	
6.89	-4.83096e-11 -1.567e-13 -0.000280277	
6.9	-4.83096e-11 -1.567e-13 -0.000280277	
6.91	-4.83096e-11 -1.567e-13 -0.000280277	
6.92	-4.83096e-11 -1.567e-13 -0.000280277	
6.93	-4.83096e-11 -1.567e-13 -0.000280277	
6.94	-4.83096e-11 -1.567e-13 -0.000280277	
6.95	-4.83096e-11 -1.567e-13 -0.000280277	
6.96	-4.83096e-11 -1.567e-13 -0.000280277	
6.97	-4.83096e-11 -1.567e-13 -0.000280277	
6.98	-4.83096e-11 -1.567e-13 -0.000280277	
6.99	-4.83096e-11 -1.567e-13 -0.000280277	
7	-4.83096e-11 -1.567e-13 -0.000280277	
7.01	-4.83096e-11 -1.567e-13 -0.000280277	
7.02	-4.83096e-11 -1.567e-13 -0.000280277	
7.03	-4.83096e-11 -1.567e-13 -0.000280277	
7.04	-4.83096e-11 -1.567e-13 -0.000280277	
7.05	-4.83096e-11 -1.567e-13 -0.000280277	
7.06	-4.83096e-11 -1.567e-13 -0.000280277	
7.07	-4.83096e-11 -1.567e-13 -0.000280277	
7.08	-4.83096e-11 -1.567e-13 -0.000280277	
7.09	-4.83096e-11 -1.567e-13 -0.000280277	
7.1	-4.83096e-11 -1.567e-13 -0.000280277	
7.11	-4.83096e-11 -1.567e-13 -0.000280277	
7.12	-4.83096e-11 -1.567e-13 -0.000280277	
7.13	-4.83096e-11 -1.567e-13 -0.000280277	
7.14	-4.83096e-11 -1.567e-13 -0.000280277	
7.15	-4.83096e-11 -1.567e-13 -0.000280277	
7.16	-4.83096e-11 -1.567e-13 -0.000280277	
7.17	-4.83096e-11 -1.567e-13 -0.000280277	
7.18	-4.83096e-11 -1.567e-13 -0.000280277	
7.19	-4.83096e-11 -1.567e-13 -0.000280277	
7.2	-4.83096e-11 -1.567e-13 -0.000280277	
7.21	-4.83096e-11 -1.567e-13 -0.000280277	
7.22	-4.83096e-11 -1.567e-13 -0.000280277	
7.23	-4.83096e-11 -1.567e-13 -0.000280277	
7.24	-4.83096e-11 -1.567e-13 -0.000280277	
7.25	-4.83096e-11 -1.567e-13 -0.000280277	
7.26	-4.83096e-11 -1.567e-13 -0.000280277	
7.27	-4.83096e-11 -1.567e-13 -0.000280277	
7.28	-4.83096e-11 -1.567e-13 -0.000280277	
7.29	-4.83096e-11 -1.567e-13 -0.000280277	
7.3	-4.83096e-11 -1.567e-13 -0.000280277	
7.31	-4.83096e-11 -1.567e-13 -0.000280277	
7.32	-4.83096e-11 -1.567e-13 -0.000280277	
7.33	-4.83096e-11 -1.567e-13 -0.000280277	
7.34	-4.83096e-11 -1.567e-13 -0.000280277	
7.35	-4.83096e-11 -1.567e-13 -0.000280277	
7.36	-4.83096e-11 -1.567e-13 -0.000280277	
7.37	-4.83096e-11 -1.567e-13 -0.000280277	
7.38	-4.83096e-11 -1.567e-13 -0.000280277	
7.39	-4.83096e-11 -1.567e-13 -0.000280277	
7.4	-4.83096e-11 -1.567e-13 -0.000280277	
7.41	-4.83096e-11 -1.567e-13 -0.000280277	
7.42	-4.83096e-11 -1.567e-13 -0.000280277	
7.43	-4.83096e-11 -1.567e-13 -0.000280277	
7.44	-4.83096e-11 -1.567e-13 -0.000280277	
7.45	-4.83096e-11 -1.567e-13 -0.000280277	
7.46	-4.83096e-11 -1.567e-13 -0.000280277	
7.47	-4.83096e-11 -1.567e-13 -0.000280277	
7.48	-4.83096e-11 -1.567e-13 -0.000280277	
7.49	-4.83096e-11 -1.567e-13 -0.000280277	
7.5	-4.83096e-11 -1.567e-13 -0.000280277	
7.51	-4.83096e-11 -1.567e-13 -0.000280277	
7.52	-4.83096e-11 -1.567e-13 -0.000280277	
7.53	-4.83096e-11 -1.567e-13 -0.000280277	
7.54	-4.83096e-11 -1.567e-13 -0.000280277	
7.55	-4.83096e-11 -1.567e-13 -0.000280277	
7.56	-4.83096e-11 -1.567e-13 -0.000280277	
7.57	-4.83096e-11 -1.567e-13 -0.000280277	
7.58	-4.83096e-11 -1.567e-13 -0.000280277	
7.59	-4.83096e-11 -1.567e-13 -0.000280277	
7.6	-4.83096e-11 -1.567e-13 -0.000280277	
7.61	-4.83096e-11 -1.567e-13 -0.000280277	
7.62	-4.83096e-11 -1.567e-13 -0.000280277	
7.63	-4.83096e-11 -1.567e-13 -0.000280277	
7.64	-4.83096e-11 -1.567e-13 -0.000280277	
7.65	-4.83096e-11 -1.567e-13 -0.000280277	
7.66	-4.83096e-11 -1.567e-13 -0.000280277	
7.67	-4.83096e-11 -1.567e-13 -0.000280277	
7.68	-4.83096e-11 -1.567e-13 -0.000280277	
7.69	-4.83096e-11 -1.567e-13 -0.000280277	
7.7	-4.83096e-11 -1.567e-13 -0.000280277	
7.71	-4.83096e-11 -1.567e-13 -0.000280277	
7.72	-4.83096e-11 -1.567e-13 -0.000280277	
7.73	-4.83096e-11 -1.567e-13 -0.000280277	
7.74	-4.83096e-11 -1.567e-13 -0.000280277	
7.75	-4.83096e-11 -1.567e-13 -0.000280277	
7.76	-4.83096e-11 -1.567e-13 -0.000280277	
7.77	-4.83096e-11 -1.567e-13 -0.000280277	
7.78	-4.83096e-11 -1.567e-13 -0.000280277	
7.79	-4.83096e-11 -1.567e-13 -0.000280277	
7.8	-4.83096e-11 -1.567e-13 -0.000280277	
7.81	-4.83096e-11 -1.567e-13 -0.000280277	
7.82	-4.83096e-11 -1.567e-13 -0.000280277	
7.83	-4.83096e-11 -1.567e-13 -0.000280277	
7.84	-4.83096e-11 -1.567e-13 -0.000280277	
7.85	-4.83096e-11 -1.567e-13 -0.000280277	
7.86	-4.83096e-11 -1.567e-13 -0.000280277	
7.87	-4.83096e-11 -1.567e-13 -0.000280277	
7.88	-4.83096e-11 -1.567e-13 -0.000280277	
7.89	-4.83096e-11 -1.567e-13 -0.000280277	
7.9	-4.83096e-11 -1.567e-13 -0.000280277	
7.91	-4.83096e-11 -1.567e-13 -0.000280277	
7.92	-4.83096e-11 -1.567e-13 -0.000280277	
7.93	-4.83096e-11 -1.567e-13 -0.000280277	
7.94	-4.83096e-11 -1.567e-13 -0.000280277	
7.95	-4.83096e-11 -1.567e-13 -0.000280277	
7.96	-4.83096e-11 -1.567e-13 -0.000280277	
7.97	-4.83096e-11 -1.567e-13 -0.000280277	
7.98	-4.83096e-11 -1.567e-13 -0.000280277	
7.99	-4.83096e-11 -1.567e-13 -0.000280277	
8	-4.83096e-11 -1.567e-13 -0.000280277	
8.01	-4.83096e-11 -1.567e-13 -0.000280277	
8.02	-4.83096e-11 -1.567e-13 -0.000280277	
8.03	-4.83096e-11 -1.567e-13 -0.000280277	
8.04	-4.83096e-11 -1.567e-13 -0.000280277	
8.05	-4.83096e-11 -1.567e-13 -0.000280277	
8.06	-4.83096e-11 -1.567e-13 -0.000280277	
8.07	-4.83096e-11 -1.567e-13 -0.000280277	
8.08	-4.83096e-11 -1.567e-13 -0.000280277	
8.09	-4.83096e-11 -1.567e-13 -0.000280277	
8.1	-4.83096e-11 -1.567e-13 -0.000280277	
8.11	-4.83096e-11 -1.567e-13 -0.000280277	
8.12	-4.83096e-11 -1.567e-13 -0.000280277	
8.13	-4.83096e-11 -1.567e-13 -0.000280277	
8.14	-4.83096e-11 -1.567e-13 -0.000280277	
8.15	-4.83096e-11 -1.567e-13 -0.000280277	
8.16	-4.83096e-11 -1.567e-13 -0.000280277	
8.17	-4.83096e-11 -1.567e-13 -0.000280277	
8.18	-4.83096e-11 -1.567e-13 -0.000280277	
8.19	-4.83096e-11 -1.567e-13 -0.000280277	
8.2	-4.83096e-11 -1.567e-13 -0.000280277	
8.21	-4.83096e-11 -1.567e-13 -0.000280277	
8.22	-4.83096e-11 -1.567e-13 -0.000280277	
8.23	-4.83096e-11 -1.567e-13 -0.000280277	
8.24	-4.83096e-11 -1.567e-13 -0.000280277	
8.25	-4.83096e-11 -1.567e-13 -0.000280277	
8.26	-4.83096e-11 -1.567e-13 -0.000280277	
8.27	-4.83096e-11 -1.567e-13 -0.000280277	
8.28	-4.83096e-11 -1.567e-13 -0.000280277	
8.29	-4.83096e-11 -1.567e-13 -0.000280277	
8.3	-4.83096e-11 -1.567e-13 -0.000280277	
8.31	-4.83096e-11 -1.567e-13 -0.000280277	
8.32	-4.83096e-11 -1.567e-13 -0.000280277	
8.33	-4.83096e-11 -1.567e-13 -0.000280277	
8.34	-4.83096e-11 -1.567e-13 -0.000280277	
8.35	-4.83096e-11 -1.567e-13 -0.000280277	
8.36	-4.83096e-11 -1.567e-13 -0.000280277	
8.37	-4.83096e-11 -1.567e-13 -0.000280277	
8.38	-4.83096e-11 -1.567e-13 -0.000280277	
8.39	-4.83096e-11 -1.567e-13 -0.000280277	
8.4	-4.83096e-11 -1.567e-13 -0.000280277	
8.41	-4.83096e-11 -1.567e-13 -0.000280277	
8.42	-4.83096e-11 -1.567e-13 -0.000280277	
8.43	-4.83096e-11 -1.567e-13 -0.000280277	
8.44	-4.83096e-11 -1.567e-13 -0.000280277	
8.45	-4.83096e-11 -1.567e-13 -0.000280277	
8.46	-4.83096e-11 -1.567e-13 -0.000280277	
8.47	-4.83096e-11 -1.567e-13 -0.000280277	
8.48	-4.83096e-11 -1.567e-13 -0.000280277	
8.49	-4.83096e-11 -1.567e-13 -0.000280277	
8.5	-4.83096e-11 -1.567e-13 -0.000280277	
8.51	-4.83096e-11 -1.567e-13 -0.000280277	
8.52	-4.83096e-11 -1.567e-13 -0.000280277	
8.53	-4.83096e-11 -1.567e-13 -0.000280277	
8.54	-4.83096e-11 -1.567e-13 -0.000280277	
8.55	-4.83096e-11 -1.567e-13 -0.000280277	
8.56	-4.83096e-11 -1.567e-13 -0.000280277	
8.57	-4.83096e-11 -1.567e-13 -0.000280277	
8.58	-4.83096e-11 -1.567e-13 -0.000280277	
8.59	-4.83096e-11 -1.567e-13 -0.000280277	
8.6	-4.83096e-11 -1.567e-13 -0.000280277	
8.61	-4.83096e-11 -1.567e-13 -0.000280277	
8.62	-4.83096e-11 -1.567e-13 -0.000280277	
8.63	-4.83096e-11 -1.567e-13 -0.000280277	
8.64	-4.83096e-11 -1.567e-13 -0.000280277	
8.65	-4.83096e-11 -1.567e-13 -0.000280277	
8.66	-4.83096e-11 -1.567e-13 -0.000280277	
8.67	-4.83096e-11 -1.567e-13 -0.000280277	
8.68	-4.83096e-11 -1.567e-13 -0.000280277	
8.69	-4.83096e-11 -1.567e-13 -0.000280277	
8.7	-4.83096e-11 -1.567e-13 -0.000280277	
8.71	-4.83096e-11 -1.567e-13 -0.000280277	
8.72	-4.83096e-11 -1.567e-13 -0.000280277	
8.73	-4.83096e-11 -1.567e-13 -0.000280277	
8.74	-4.83096e-11 -1.567e-13 -0.000280277	
8.75	-4.83096e-11 -1.567e-13 -0.000280277	
8.76	-4.83096e-11 -1.567e-13 -0.000280277	
8.77	-4.83096e-11 -1.567e-13 -0.000280277	
8.78	-4.83096e-11 -1.567e-13 -0.000280277	
8.79	-4.83096e-11 -1.567e-13 -0.000280277	
8.8	-4.83096e-11 -1.567e-13 -0.000280277	
8.81	-4.83096e-11 -1.567e-13 -0.000280277	
8.82	-4.83096e-11 -1.567e-13 -0.000280277	
8.83	-4.83096e-11 -1.567e-13 -0.000280277	
8.84	-4.83096e-11 -1.567e-13 -0.000280277	
8.85	-4.83096e-11 -1.567e-13 -0.000280277	
8.86	-4.83096e-11 -1.567e-13 -0.000280277	
8.87	-4.83096e-11 -1.567e-13 -0.000280277	
8.88	-4.83096e-11 -1.567e-13 -0.000280277	
8.89	-4.83096e-11 -1.567e-13 -0.000280277	
8.9	-4.83096e-11 -1.567e-13 -0.000280277	
8.91	-4.83096e-11 -1.567e-13 -0.000280277	
8.92	-4.83096e-11 -1.567e-13 -0.000280277	
8.93	-4.83096e-11 -1.567e-13 -0.000280277	
8.94	-4.83096e-11 -1.567e-13 -0.000280277	
8.95	-4.83096e-11 -1.567e-13 -0.000280277	
8.96	-4.83096e-11 -1.567e-13 -0.000280277	
8.97	-4.83096e-11 -1.567e-13 -0.000280277	
8.98	-4.83096e-11 -1.567e-13 -0.000280277	
8.99	-4.83096e-11 -1.567e-13 -0.000280277	
9	-4.83096e-11 -1.567e-13 -0.000280277	
9.01	-4.83096e-11 -1.567e-13 -0.000280277	
9.02	-4.83096e-11 -1.567e-13 -0.000280277	
9.03	-4.83096e-11 -1.567e-13 -0.000280277	
9.04	-4.83096e-11 -1.567e-13 -0.000280277	
9.05	-4.83096e-11 -1.567e-13 -0.000280277	
9.06	-4.83096e-11 -1.567e-13 -0.000280277	
9.07	-4.83096e-11 -1.567e-13 -0.000280277	
9.08	-4.83096e-11 -1.567e-13 -0.000280277	
9.09	-4.83096e-11 -1.567e-13 -0.000280277	
9.1	-4.83096e-11 -1.567e-13 -0.000280277	
9.11	-4.83096e-11 -1.567e-13 -0.000280277	
9.12	-4.83096e-11 -1.567e-13 -0.000280277	
9.13	-4.83096e-11 -1.567e-13 -0.000280277	
9.14	-4.83096e-11 -1.567e-13 -0.000280277	
9.15	-4.83096e-11 -1.567e-13 -0.000280277	
9.16	-4.83096e-11 -1.567e-13 -0.000280277	
9.17	-4.83096e-11 -1.567e-13 -0.000280277	
9.18	-4.83096e-11 -1.567e-13 -0.000280277	
9.19	-4.83096e-11 -1.567e-13 -0.000280277	
9.2	-4.83096e-11 -1.567e-13 -0.000280277	
9.21	-4.83096e-11 -1.567e-13 -0.000280277	
9.22	-4.83096e-11 -1.567e-13 -0.000280277	
9.23	-4.83096e-11 -1.567e-13 -0.000280277	
9.24	-4.83096e-11 -1.567e-13 -0.000280277	
9.25	-4.83096e-11 -1.567e-13 -0.000280277	
9.26	-4.83096e-11 -1.567e-13 -0.000280277	
9.27	-4.83096e-11 -1.567e-13 -0.000280277	
9.28	-4.83096e-11 -1.567e-13 -0.000280277	
9.29	-4.83096e-11 -1.567e-13 -0.000280277	
9.3	-4.83096e-11 -1.567e-13 -0.000280277	
9.31	-4.83096e-11 -1.567e-13 -0.000280277	
9.32	-4.83096e-11 -1.567e-13 -0.000280277	
9.33	-4.83096e-11 -1.567e-13 -0.000280277	
9.34	-4.83096e-11 -1.567e-13 -0.000280277	
9.35	-4.83096e-11 -1.567e-13 -0.000280277	
9.36	-4.83096e-11 -1.567e-13 -0.000280277	
9.37	-4.83096e-11 -1.567e-13 -0.000280277	
9.38	-4.83096e-11 -1.567e-13 -0.000280277	
9.39	-4.83096e-11 -1.567e-13 -0.000280277	
9.4	-4.83096e-11 -1.567e-13 -0.000280277	
9.41	-4.83096e-11 -1.567e-13 -0.000280277	
9.42	-4.83096e-11 -1.567e-13 -0.000280277	
9.43	-4.83096e-11 -1.567e-13 -0.000280277	
9.44	-4.83096e-11 -1.567e-13 -0.000280277	
9.45	-4.83096e-11 -1.567e-13 -0.000280277	
9.46	-4.83096e-11 -1.567e-13 -0.000280277	
9.47	-4.83096e-11 -1.567e-13 -0.000280277	
9.48	-4.83096e-11 -1.567e-13 -0.000280277	
9.49	-4.83096e-11 -1.567e-13 -0.000280277	
9.5	-4.83096e-11 -1.567e-13 -0.000280277	
9.51	-4.83096e-11 -1.567e-13 -0.000280277	
9.52	-4.83096e-11 -1.567e-13 -0.000280277	
9.53	-4.83096e-11 -1.567e-13 -0.000280277	
9.54	-4.83096e-11 -1.567e-13 -0.000280277	
9.55	-4.83096e-11 -1.567e-13 -0.000280277	
9.56	-4.83096e-11 -1.567e-13 -0.000280277	
9.57	-4.83096e-11 -1.567e-13 -0.000280277	
9.58	-4.83096e-11 -1.567e-13 -0.000280277	
9.59	-4.83096e-11 -1.567e-13 -0.000280277	
9.6	-4.83096e-11 -1.567e-13 -0.000280277	
9.61	-4.83096e-11 -1.567e-13 -0.000280277	
9.62	-4.83096e-11 -1.567e-13 -0.000280277	
9.63	-4.83096e-11 -1.567e-13 -0.000280277	
9.64	-4.83096e-11 -1.567e-13 -0.000280277	
9.65	-4.83096e-11 -1.567e-13 -0.000280277	
9.66	-4.83096e-11 -1.567e-13 -0.000280277	
9.67	-4.83096e-11 -1.567e-13 -0.000280277	
9.68	-4.83096e-11 -1.567e-13 -0.000280277	
9.69	-4.83096e-11 -1.567e-13 -0.000280277	
9.7	-4.83096e-11 -1.567e-13 -0.000280277	
9.71	-4.83096e-11 -1.567e-13 -0.000280277	
9.72	-4.83096e-11 -1.567e-13 -0.000280277	
9.73	-4.83096e-11 -1.567e-13 -0.000280277	
9.74	-4.83096e-11 -1.567e-13 -0.000280277	
9.75	-4.83096e-11 -1.567e-13 -0.000280277	
9.76	-4.83096e-11 -1.567e-13 -0.000280277	
9.77	-4.83096e-11 -1.567e-13 -0.000280277	
9.78	-4.83096e-11 -1.567e-13 -0.000280277	
9.79	-4.83096e-11 -1.567e-13 -0.000280277	
9.8	-4.83096e-11 -1.567e-13 -0.000280277	
9.81	-4.83096e-11 -1.567e-13 -0.000280277	
9.82	-4.83096e-11 -1.567e-13 -0.000280277	
9.83	-4.83096e-11 -1.567e-13 -0.000280277	
9.84	-4.83096e-11 -1.567e-13 -0.000280277	
9.85	-4.83096e-11 -1.567e-13 -0.000280277	
9.86	-4.83096e-11 -1.567e-13 -0.000280277	
9.87	-4.83096e-11 -1.567e-13 -0.000280277	
9.88	-4.83096e-11 -1.567e-13 -0.000280277	
9.89	-4.83096e-11 -1.567e-13 -0.000280277	
9.9	-4.83096e-11 -1.567e-13 -0.000280277	
9.91	-4.83096e-11 -1.567e-13 -0.000280277	
9.92	-4.83096e-11 -1.567e-13 -0.000280277	
9.93	-4.83096e-11 -1.567e-13 -0.000280277	
9.94	-4.83096e-11 -1.567e-13 -0.000280277	
9.95	-4.83096e-11 -1.567e-13 -0.000280277	
9.96	-4.83096e-11 -1.567e-13 -0.000280277	
9.97	-4.83096e-11 -1.567e-13 -0.000280277	
9.98	-4.83096e-11 -1.567e-13 -0.000280277	
9.99	-4.83096e-11 -1.567e-13 -0.000280277	
10	-4.83096e-11 -1.567e-13 -0.000280277	
