# Gnuplot File : forces of 1 particle(s) Monitored
# 1st Column : time, others : particle(s) number 1 
0.01	0 -0.0239268 0	
0.02	0 -0.0217619 0	
0.03	0 -0.0197635 0	
0.04	0 -0.0179871 0	
0.05	0 -0.0163773 0	
0.06	0 -0.0148785 0	
0.07	0 -0.0135462 0	
0.08	0 -0.012325 0	
0.09	0 -0.0112148 0	
0.1	0 -0.0102156 0	
0.11	0 -0.00927189 0	
0.12	0 -0.00843922 0	
0.13	0 -0.00766206 0	
0.14	0 -0.00694042 0	
0.15	0 -0.00632979 0	
0.16	0 -0.00577468 0	
0.17	0 -0.00527508 0	
0.18	0 -0.00477548 0	
0.19	0 -0.00433139 0	
0.2	0 -0.00394281 0	
0.21	0 -0.00360975 0	
0.22	0 -0.00327668 0	
0.23	0 -0.00299913 0	
0.24	0 -0.00272157 0	
0.25	0 -0.00249952 0	
0.26	0 -0.00227748 0	
0.27	0 -0.00205544 0	
0.28	0 -0.0018889 0	
0.29	0 -0.00172237 0	
0.3	0 -0.00155584 0	
0.31	0 -0.0013893 0	
0.32	0 -0.00127828 0	
0.33	0 -0.00116726 0	
0.34	0 -0.00105623 0	
0.35	0 -0.000945213 0	
0.36	0 -0.00083419 0	
0.37	0 -0.000778679 0	
0.38	0 -0.000723168 0	
0.39	0 -0.000667657 0	
0.4	0 -0.000612146 0	
0.41	0 -0.000556635 0	
0.42	0 -0.000501123 0	
0.43	0 -0.000445612 0	
0.44	0 -0.000390101 0	
0.45	0 -0.00033459 0	
0.46	0 -0.000279079 0	
0.47	0 -0.000279079 0	
0.48	0 -0.000279079 0	
0.49	0 -0.000279079 0	
0.5	0 -0.000279079 0	
0.51	0 -0.000279079 0	
0.52	0 -0.000279079 0	
0.53	0 -0.000279079 0	
0.54	0 -0.000279079 0	
0.55	0 -0.000279079 0	
0.56	0 -0.000279079 0	
0.57	0 -0.000279079 0	
0.58	0 -0.000279079 0	
0.59	0 -0.000279079 0	
0.6	0 -0.000279079 0	
0.61	0 -0.000279079 0	
0.62	0 -0.000279079 0	
0.63	0 -0.000279079 0	
0.64	0 -0.000279079 0	
0.65	0 -0.000279079 0	
0.66	0 -0.000279079 0	
0.67	0 -0.000279079 0	
0.68	0 -0.000279079 0	
0.69	0 -0.000279079 0	
0.7	0 -0.000279079 0	
0.71	0 -0.000279079 0	
0.72	0 -0.000279079 0	
0.73	0 -0.000279079 0	
0.74	0 -0.000279079 0	
0.75	0 -0.000279079 0	
0.76	0 -0.000279079 0	
0.77	0 -0.000279079 0	
0.78	0 -0.000279079 0	
0.79	0 -0.000279079 0	
0.8	0 -0.000279079 0	
0.81	0 -0.000279079 0	
0.82	0 -0.000279079 0	
0.83	0 -0.000279079 0	
0.84	0 -0.000279079 0	
0.85	0 -0.000279079 0	
0.86	0 -0.000279079 0	
0.87	0 -0.000279079 0	
0.88	0 -0.000279079 0	
0.89	0 -0.000279079 0	
0.9	0 -0.000279079 0	
0.91	0 -0.000279079 0	
0.92	0 -0.000279079 0	
0.93	0 -0.000279079 0	
0.94	0 -0.000279079 0	
0.95	0 -0.000279079 0	
0.96	0 -0.000279079 0	
0.97	0 -0.000279079 0	
0.98	0 -0.000279079 0	
0.99	0 -0.000279079 0	
1	0 -0.000279079 0	
1.01	0 -0.000279079 0	
1.02	0 -0.000279079 0	
1.03	0 -0.000279079 0	
1.04	0 -0.000279079 0	
1.05	0 -0.000279079 0	
1.06	0 -0.000279079 0	
1.07	0 -0.000279079 0	
1.08	0 -0.000279079 0	
1.09	0 -0.000279079 0	
1.1	0 -0.000279079 0	
1.11	0 -0.000279079 0	
1.12	0 -0.000279079 0	
1.13	0 -0.000279079 0	
1.14	0 -0.000279079 0	
1.15	0 -0.000279079 0	
1.16	0 -0.000279079 0	
1.17	0 -0.000279079 0	
1.18	0 -0.000279079 0	
1.19	0 -0.000279079 0	
1.2	0 -0.000279079 0	
1.21	0 -0.000279079 0	
1.22	0 -0.000279079 0	
1.23	0 -0.000279079 0	
1.24	0 -0.000279079 0	
1.25	0 -0.000279079 0	
1.26	0 -0.000279079 0	
1.27	0 -0.000279079 0	
1.28	0 -0.000279079 0	
1.29	0 -0.000279079 0	
1.3	0 -0.000279079 0	
1.31	0 -0.000279079 0	
1.32	0 -0.000279079 0	
1.33	0 -0.000279079 0	
1.34	0 -0.000279079 0	
1.35	0 -0.000279079 0	
1.36	0 -0.000279079 0	
1.37	0 -0.000279079 0	
1.38	0 -0.000279079 0	
1.39	0 -0.000279079 0	
1.4	0 -0.000279079 0	
1.41	0 -0.000279079 0	
1.42	0 -0.000279079 0	
1.43	0 -0.000279079 0	
1.44	0 -0.000279079 0	
1.45	0 -0.000279079 0	
1.46	0 -0.000279079 0	
1.47	0 -0.000279079 0	
1.48	0 -0.000279079 0	
1.49	0 -0.000279079 0	
1.5	0 -0.000279079 0	
1.51	0 -0.000279079 0	
1.52	0 -0.000279079 0	
1.53	0 -0.000279079 0	
1.54	0 -0.000279079 0	
1.55	0 -0.000279079 0	
1.56	0 -0.000279079 0	
1.57	0 -0.000279079 0	
1.58	0 -0.000279079 0	
1.59	0 -0.000279079 0	
1.6	0 -0.000279079 0	
1.61	0 -0.000279079 0	
1.62	0 -0.000279079 0	
1.63	0 -0.000279079 0	
1.64	0 -0.000279079 0	
1.65	0 -0.000279079 0	
1.66	0 -0.000279079 0	
1.67	0 -0.000279079 0	
1.68	0 -0.000279079 0	
1.69	0 -0.000279079 0	
1.7	0 -0.000279079 0	
1.71	0 -0.000279079 0	
1.72	0 -0.000279079 0	
1.73	0 -0.000279079 0	
1.74	0 -0.000279079 0	
1.75	0 -0.000279079 0	
1.76	0 -0.000279079 0	
1.77	0 -0.000279079 0	
1.78	0 -0.000279079 0	
1.79	0 -0.000279079 0	
1.8	0 -0.000279079 0	
1.81	0 -0.000279079 0	
1.82	0 -0.000279079 0	
1.83	0 -0.000279079 0	
1.84	0 -0.000279079 0	
1.85	0 -0.000279079 0	
1.86	0 -0.000279079 0	
1.87	0 -0.000279079 0	
1.88	0 -0.000279079 0	
1.89	0 -0.000279079 0	
1.9	0 -0.000279079 0	
1.91	0 -0.000279079 0	
1.92	0 -0.000279079 0	
1.93	0 -0.000279079 0	
1.94	0 -0.000279079 0	
1.95	0 -0.000279079 0	
1.96	0 -0.000279079 0	
1.97	0 -0.000279079 0	
1.98	0 -0.000279079 0	
1.99	0 -0.000279079 0	
2	0 -0.000279079 0	
