# Gnuplot File : positions of 1 particle(s) Monitored
# 1st Column : time, others : particle(s) number 1 
0.01	-0.128627 0.454292 0.278694	
0.02	-0.128627 0.454292 0.278694	
0.03	-0.128627 0.454292 0.278694	
0.04	-0.128627 0.454292 0.278694	
0.05	-0.128627 0.454292 0.278694	
0.06	-0.128627 0.454292 0.278694	
0.07	-0.128627 0.454292 0.278694	
0.08	-0.128627 0.454292 0.278694	
0.09	-0.128627 0.454292 0.278694	
0.1	-0.128627 0.454292 0.278694	
0.11	-0.128627 0.454292 0.278694	
0.12	-0.128627 0.454292 0.278694	
0.13	-0.128627 0.454292 0.278694	
0.14	-0.128627 0.454292 0.278694	
0.15	-0.128627 0.454292 0.278694	
0.16	-0.128627 0.454292 0.278694	
0.17	-0.128627 0.454292 0.278694	
0.18	-0.128627 0.454292 0.278694	
0.19	-0.128627 0.454292 0.278694	
0.2	-0.128627 0.454292 0.278694	
0.21	-0.128627 0.454292 0.278694	
0.22	-0.128627 0.454292 0.278694	
0.23	-0.128627 0.454292 0.278694	
0.24	-0.128627 0.454292 0.278694	
0.25	-0.128627 0.454292 0.278694	
0.26	-0.128627 0.454292 0.278694	
0.27	-0.128627 0.454292 0.278694	
0.28	-0.128627 0.454292 0.278694	
0.29	-0.128627 0.454292 0.278694	
0.3	-0.128627 0.454292 0.278694	
0.31	-0.128627 0.454292 0.278694	
0.32	-0.128627 0.454292 0.278694	
0.33	-0.128627 0.454292 0.278694	
0.34	-0.128627 0.454292 0.278694	
0.35	-0.128627 0.454292 0.278694	
0.36	-0.128627 0.454292 0.278694	
0.37	-0.128627 0.454292 0.278694	
0.38	-0.128627 0.454292 0.278694	
0.39	-0.128627 0.454292 0.278694	
0.4	-0.128627 0.454292 0.278694	
0.41	-0.128627 0.454292 0.278694	
0.42	-0.128627 0.454292 0.278694	
0.43	-0.128627 0.454292 0.278694	
0.44	-0.128627 0.454292 0.278694	
0.45	-0.128627 0.454292 0.278694	
0.46	-0.128627 0.454292 0.278694	
0.47	-0.128627 0.454292 0.278694	
0.48	-0.128627 0.454292 0.278694	
0.49	-0.128627 0.454292 0.278694	
0.5	-0.128627 0.454292 0.278694	
0.51	-0.128627 0.454292 0.278694	
0.52	-0.128627 0.454292 0.278694	
0.53	-0.128627 0.454292 0.278694	
0.54	-0.128627 0.454292 0.278694	
0.55	-0.128627 0.454292 0.278694	
0.56	-0.128627 0.454292 0.278694	
0.57	-0.128627 0.454292 0.278694	
0.58	-0.128627 0.454292 0.278694	
0.59	-0.128627 0.454292 0.278694	
0.6	-0.128627 0.454292 0.278694	
0.61	-0.128627 0.454292 0.278694	
0.62	-0.128627 0.454292 0.278694	
0.63	-0.128627 0.454292 0.278694	
0.64	-0.128627 0.454292 0.278694	
0.65	-0.128627 0.454292 0.278694	
0.66	-0.128627 0.454292 0.278694	
0.67	-0.128627 0.454292 0.278694	
0.68	-0.128627 0.454292 0.278694	
0.69	-0.128627 0.454292 0.278694	
0.7	-0.128627 0.454292 0.278694	
0.71	-0.128627 0.454292 0.278694	
0.72	-0.128627 0.454292 0.278694	
0.73	-0.128627 0.454292 0.278694	
0.74	-0.128627 0.454292 0.278694	
0.75	-0.128627 0.454292 0.278694	
0.76	-0.128627 0.454292 0.278694	
0.77	-0.128627 0.454292 0.278694	
0.78	-0.128627 0.454292 0.278694	
0.79	-0.128627 0.454292 0.278694	
0.8	-0.128627 0.454292 0.278694	
0.81	-0.128627 0.454292 0.278694	
0.82	-0.128627 0.454292 0.278694	
0.83	-0.128627 0.454292 0.278694	
0.84	-0.128627 0.454292 0.278694	
0.85	-0.128627 0.454292 0.278694	
0.86	-0.128627 0.454292 0.278694	
0.87	-0.128627 0.454292 0.278694	
0.88	-0.128627 0.454292 0.278694	
0.89	-0.128627 0.454292 0.278694	
0.9	-0.128627 0.454292 0.278694	
0.91	-0.128627 0.454292 0.278694	
0.92	-0.128627 0.454292 0.278694	
0.93	-0.128627 0.454292 0.278694	
0.94	-0.128627 0.454292 0.278694	
0.95	-0.128627 0.454292 0.278694	
0.96	-0.128627 0.454292 0.278694	
0.97	-0.128627 0.454292 0.278694	
0.98	-0.128627 0.454292 0.278694	
0.99	-0.128627 0.454292 0.278694	
1	-0.128627 0.454292 0.278694	
1.01	-0.128627 0.454292 0.278694	
1.02	-0.128627 0.454292 0.278694	
1.03	-0.128627 0.454292 0.278694	
1.04	-0.128627 0.454292 0.278694	
1.05	-0.128627 0.454292 0.278694	
1.06	-0.128627 0.454292 0.278694	
1.07	-0.128627 0.454292 0.278694	
1.08	-0.128627 0.454292 0.278694	
1.09	-0.128627 0.454292 0.278694	
1.1	-0.128627 0.454292 0.278694	
1.11	-0.128627 0.454292 0.278694	
1.12	-0.128627 0.454292 0.278694	
1.13	-0.128627 0.454292 0.278694	
1.14	-0.128627 0.454292 0.278694	
1.15	-0.128627 0.454292 0.278694	
1.16	-0.128627 0.454292 0.278694	
1.17	-0.128627 0.454292 0.278694	
1.18	-0.128627 0.454292 0.278694	
1.19	-0.128627 0.454292 0.278694	
1.2	-0.128627 0.454292 0.278694	
1.21	-0.128627 0.454292 0.278694	
1.22	-0.128627 0.454292 0.278694	
1.23	-0.128627 0.454292 0.278694	
1.24	-0.128627 0.454292 0.278694	
1.25	-0.128627 0.454292 0.278694	
1.26	-0.128627 0.454292 0.278694	
1.27	-0.128627 0.454292 0.278694	
1.28	-0.128627 0.454292 0.278694	
1.29	-0.128627 0.454292 0.278694	
1.3	-0.128627 0.454292 0.278694	
1.31	-0.128627 0.454292 0.278694	
1.32	-0.128627 0.454292 0.278694	
1.33	-0.128627 0.454292 0.278694	
1.34	-0.128627 0.454292 0.278694	
1.35	-0.128627 0.454292 0.278694	
1.36	-0.128627 0.454292 0.278694	
1.37	-0.128627 0.454292 0.278694	
1.38	-0.128627 0.454292 0.278694	
1.39	-0.128627 0.454292 0.278694	
1.4	-0.128627 0.454292 0.278694	
1.41	-0.128627 0.454292 0.278694	
1.42	-0.128627 0.454292 0.278694	
1.43	-0.128627 0.454292 0.278694	
1.44	-0.128627 0.454292 0.278694	
1.45	-0.128627 0.454292 0.278694	
1.46	-0.128627 0.454292 0.278694	
1.47	-0.128627 0.454292 0.278694	
1.48	-0.128627 0.454292 0.278694	
1.49	-0.128627 0.454292 0.278694	
1.5	-0.128627 0.454292 0.278694	
1.51	-0.128627 0.454292 0.278694	
1.52	-0.128627 0.454292 0.278694	
1.53	-0.128627 0.454292 0.278694	
1.54	-0.128627 0.454292 0.278694	
1.55	-0.128627 0.454292 0.278694	
1.56	-0.128627 0.454292 0.278694	
1.57	-0.128627 0.454292 0.278694	
1.58	-0.128627 0.454292 0.278694	
1.59	-0.128627 0.454292 0.278694	
1.6	-0.128627 0.454292 0.278694	
1.61	-0.128627 0.454292 0.278694	
1.62	-0.128627 0.454292 0.278694	
1.63	-0.128627 0.454292 0.278694	
1.64	-0.128627 0.454292 0.278694	
1.65	-0.128627 0.454292 0.278694	
1.66	-0.128627 0.454292 0.278694	
1.67	-0.128627 0.454292 0.278694	
1.68	-0.128627 0.454292 0.278694	
1.69	-0.128627 0.454292 0.278694	
1.7	-0.128627 0.454292 0.278694	
1.71	-0.128627 0.454292 0.278694	
1.72	-0.128627 0.454292 0.278694	
1.73	-0.128627 0.454292 0.278694	
1.74	-0.128627 0.454292 0.278694	
1.75	-0.128627 0.454292 0.278694	
1.76	-0.128627 0.454292 0.278694	
1.77	-0.128627 0.454292 0.278694	
1.78	-0.128627 0.454292 0.278694	
1.79	-0.128627 0.454292 0.278694	
1.8	-0.128627 0.454292 0.278694	
1.81	-0.128627 0.454292 0.278694	
1.82	-0.128627 0.454292 0.278694	
1.83	-0.128627 0.454292 0.278694	
1.84	-0.128627 0.454292 0.278694	
1.85	-0.128627 0.454292 0.278694	
1.86	-0.128627 0.454292 0.278694	
1.87	-0.128627 0.454292 0.278694	
1.88	-0.128627 0.454292 0.278694	
1.89	-0.128627 0.454292 0.278694	
1.9	-0.128627 0.454292 0.278694	
1.91	-0.128627 0.454292 0.278694	
1.92	-0.128627 0.454292 0.278694	
1.93	-0.128627 0.454292 0.278694	
1.94	-0.128627 0.454292 0.278694	
1.95	-0.128627 0.454292 0.278694	
1.96	-0.128627 0.454292 0.278694	
1.97	-0.128627 0.454292 0.278694	
1.98	-0.128627 0.454292 0.278694	
1.99	-0.128627 0.454292 0.278694	
2	-0.128627 0.454292 0.278694	
