# Gnuplot File : velocities of 1 particle(s) Monitored
# 1st Column : time, others : particle(s) number 54 
0.01	0.360276 -0.291564 0.376177	
0.02	0.360276 -0.291564 0.376177	
0.03	0.360276 -0.291564 0.376177	
0.04	0.360276 -0.291564 0.376177	
0.05	0.360276 -0.291564 0.376177	
0.06	0.360276 -0.291564 0.376177	
0.07	0.360276 -0.291564 0.376177	
0.08	0.360276 -0.291564 0.376177	
0.09	0.360276 -0.291564 0.376177	
0.1	0.360276 -0.291564 0.376177	
0.11	0.360276 -0.291564 0.376177	
0.12	0.360276 -0.291564 0.376177	
0.13	0.360276 -0.291564 0.376177	
0.14	0.360276 -0.291564 0.376177	
0.15	0.360276 -0.291564 0.376177	
0.16	0.360276 -0.291564 0.376177	
0.17	0.360276 -0.291564 0.376177	
0.18	0.360276 -0.291564 0.376177	
0.19	0.360276 -0.291564 0.376177	
0.2	0.360276 -0.291564 0.376177	
0.21	0.360276 -0.291564 0.376177	
0.22	0.360276 -0.291564 0.376177	
0.23	0.360276 -0.291564 0.376177	
0.24	0.360276 -0.291564 0.376177	
0.25	0.360276 -0.291564 0.376177	
0.26	0.360276 -0.291564 0.376177	
0.27	0.360276 -0.291564 0.376177	
0.28	0.360276 -0.291564 0.376177	
0.29	0.360276 -0.291564 0.376177	
0.3	0.360276 -0.291564 0.376177	
0.31	0.360276 -0.291564 0.376177	
0.32	0.360276 -0.291564 0.376177	
0.33	0.360276 -0.291564 0.376177	
0.34	0.360276 -0.291564 0.376177	
0.35	0.360276 -0.291564 0.376177	
0.36	0.360276 -0.291564 0.376177	
0.37	0.360276 -0.291564 0.376177	
0.38	0.360276 -0.291564 0.376177	
0.39	0.360276 -0.291564 0.376177	
0.4	0.360276 -0.291564 0.376177	
0.41	0.360276 -0.291564 0.376177	
0.42	0.360276 -0.291564 0.376177	
0.43	0.360276 -0.291564 0.376177	
0.44	0.360276 -0.291564 0.376177	
0.45	0.360276 -0.291564 0.376177	
0.46	0.360276 -0.291564 0.376177	
0.47	0.360276 -0.291564 0.376177	
0.48	0.360276 -0.291564 0.376177	
0.49	0.360276 -0.291564 0.376177	
0.5	0.360276 -0.291564 0.376177	
0.51	0.360276 -0.291564 0.376177	
0.52	0.360276 -0.291564 0.376177	
0.53	0.360276 -0.291564 0.376177	
0.54	0.360276 -0.291564 0.376177	
0.55	0.360276 -0.291564 0.376177	
0.56	0.360276 -0.291564 0.376177	
0.57	0.360276 -0.291564 0.376177	
0.58	0.360276 -0.291564 0.376177	
0.59	0.360276 -0.291564 0.376177	
0.6	0.360276 -0.291564 0.376177	
0.61	0.360276 -0.291564 0.376177	
0.62	0.360276 -0.291564 0.376177	
0.63	0.360276 -0.291564 0.376177	
0.64	0.360276 -0.291564 0.376177	
0.65	0.360276 -0.291564 0.376177	
0.66	0.360276 -0.291564 0.376177	
0.67	0.360276 -0.291564 0.376177	
0.68	0.360276 -0.291564 0.376177	
0.69	0.360276 -0.291564 0.376177	
0.7	0.360276 -0.291564 0.376177	
0.71	0.360276 -0.291564 0.376177	
0.72	0.360276 -0.291564 0.376177	
0.73	0.360276 -0.291564 0.376177	
0.74	0.360276 -0.291564 0.376177	
0.75	0.360276 -0.291564 0.376177	
0.76	0.360276 -0.291564 0.376177	
0.77	0.360276 -0.291564 0.376177	
0.78	0.360276 -0.291564 0.376177	
0.79	0.360276 -0.291564 0.376177	
0.8	0.360276 -0.291564 0.376177	
0.81	0.360276 -0.291564 0.376177	
0.82	0.360276 -0.291564 0.376177	
0.83	0.360276 -0.291564 0.376177	
0.84	0.360276 -0.291564 0.376177	
0.85	0.360276 -0.291564 0.376177	
0.86	0.360276 -0.291564 0.376177	
0.87	0.360276 -0.291564 0.376177	
0.88	0.360276 -0.291564 0.376177	
0.89	0.360276 -0.291564 0.376177	
0.9	0.360276 -0.291564 0.376177	
0.91	0.360276 -0.291564 0.376177	
0.92	0.360276 -0.291564 0.376177	
0.93	0.360276 -0.291564 0.376177	
0.94	0.360276 -0.291564 0.376177	
0.95	0.360276 -0.291564 0.376177	
0.96	0.360276 -0.291564 0.376177	
0.97	0.360276 -0.291564 0.376177	
0.98	0.360276 -0.291564 0.376177	
0.99	0.360276 -0.291564 0.376177	
1	0.360276 -0.291564 0.376177	
1.01	0.360276 -0.291564 0.376177	
1.02	0.360276 -0.291564 0.376177	
1.03	0.360276 -0.291564 0.376177	
1.04	0.360276 -0.291564 0.376177	
1.05	0.360276 -0.291564 0.376177	
1.06	0.360276 -0.291564 0.376177	
1.07	0.360276 -0.291564 0.376177	
1.08	0.360276 -0.291564 0.376177	
1.09	0.360276 -0.291564 0.376177	
1.1	0.360276 -0.291564 0.376177	
1.11	0.360276 -0.291564 0.376177	
1.12	0.360276 -0.291564 0.376177	
1.13	0.360276 -0.291564 0.376177	
1.14	0.360276 -0.291564 0.376177	
1.15	0.360276 -0.291564 0.376177	
1.16	0.360276 -0.291564 0.376177	
1.17	0.360276 -0.291564 0.376177	
1.18	0.360276 -0.291564 0.376177	
1.19	0.360276 -0.291564 0.376177	
1.2	0.360276 -0.291564 0.376177	
1.21	0.360276 -0.291564 0.376177	
1.22	0.360276 -0.291564 0.376177	
1.23	0.360276 -0.291564 0.376177	
1.24	0.360276 -0.291564 0.376177	
1.25	0.360276 -0.291564 0.376177	
1.26	0.360276 -0.291564 0.376177	
1.27	0.360276 -0.291564 0.376177	
1.28	0.360276 -0.291564 0.376177	
1.29	0.360276 -0.291564 0.376177	
1.3	0.360276 -0.291564 0.376177	
1.31	0.360276 -0.291564 0.376177	
1.32	0.360276 -0.291564 0.376177	
1.33	0.360276 -0.291564 0.376177	
1.34	0.360276 -0.291564 0.376177	
1.35	0.360276 -0.291564 0.376177	
1.36	0.360276 -0.291564 0.376177	
1.37	0.360276 -0.291564 0.376177	
1.38	0.360276 -0.291564 0.376177	
1.39	0.360276 -0.291564 0.376177	
1.4	0.360276 -0.291564 0.376177	
1.41	0.360276 -0.291564 0.376177	
1.42	0.360276 -0.291564 0.376177	
1.43	0.360276 -0.291564 0.376177	
1.44	0.360276 -0.291564 0.376177	
1.45	0.360276 -0.291564 0.376177	
1.46	0.360276 -0.291564 0.376177	
1.47	0.360276 -0.291564 0.376177	
1.48	0.360276 -0.291564 0.376177	
1.49	0.360276 -0.291564 0.376177	
1.5	0.360276 -0.291564 0.376177	
1.51	0.360276 -0.291564 0.376177	
1.52	0.360276 -0.291564 0.376177	
1.53	0.360276 -0.291564 0.376177	
1.54	0.360276 -0.291564 0.376177	
1.55	0.360276 -0.291564 0.376177	
1.56	0.360276 -0.291564 0.376177	
1.57	0.360276 -0.291564 0.376177	
1.58	0.360276 -0.291564 0.376177	
1.59	0.360276 -0.291564 0.376177	
1.6	0.360276 -0.291564 0.376177	
1.61	0.360276 -0.291564 0.376177	
1.62	0.360276 -0.291564 0.376177	
1.63	0.360276 -0.291564 0.376177	
1.64	0.360276 -0.291564 0.376177	
1.65	0.360276 -0.291564 0.376177	
1.66	0.360276 -0.291564 0.376177	
1.67	0.360276 -0.291564 0.376177	
1.68	0.360276 -0.291564 0.376177	
1.69	0.360276 -0.291564 0.376177	
1.7	0.360276 -0.291564 0.376177	
1.71	0.360276 -0.291564 0.376177	
1.72	0.360276 -0.291564 0.376177	
1.73	0.360276 -0.291564 0.376177	
1.74	0.360276 -0.291564 0.376177	
1.75	0.360276 -0.291564 0.376177	
1.76	0.360276 -0.291564 0.376177	
1.77	0.360276 -0.291564 0.376177	
1.78	0.360276 -0.291564 0.376177	
1.79	0.360276 -0.291564 0.376177	
1.8	0.360276 -0.291564 0.376177	
1.81	0.360276 -0.291564 0.376177	
1.82	0.360276 -0.291564 0.376177	
1.83	0.360276 -0.291564 0.376177	
1.84	0.360276 -0.291564 0.376177	
1.85	0.360276 -0.291564 0.376177	
1.86	0.360276 -0.291564 0.376177	
1.87	0.360276 -0.291564 0.376177	
1.88	0.360276 -0.291564 0.376177	
1.89	0.360276 -0.291564 0.376177	
1.9	0.360276 -0.291564 0.376177	
1.91	0.360276 -0.291564 0.376177	
1.92	0.360276 -0.291564 0.376177	
1.93	0.360276 -0.291564 0.376177	
1.94	0.360276 -0.291564 0.376177	
1.95	0.360276 -0.291564 0.376177	
1.96	0.360276 -0.291564 0.376177	
1.97	0.360276 -0.291564 0.376177	
1.98	0.360276 -0.291564 0.376177	
1.99	0.360276 -0.291564 0.376177	
2	0.360276 -0.291564 0.376177	
2.01	0.360276 -0.291564 0.376177	
2.02	0.360276 -0.291564 0.376177	
2.03	0.360276 -0.291564 0.376177	
2.04	0.360276 -0.291564 0.376177	
2.05	0.360276 -0.291564 0.376177	
2.06	0.360276 -0.291564 0.376177	
2.07	0.360276 -0.291564 0.376177	
2.08	0.360276 -0.291564 0.376177	
2.09	0.360276 -0.291564 0.376177	
2.1	0.360276 -0.291564 0.376177	
2.11	0.360276 -0.291564 0.376177	
2.12	0.360276 -0.291564 0.376177	
2.13	0.360276 -0.291564 0.376177	
2.14	0.360276 -0.291564 0.376177	
2.15	0.360276 -0.291564 0.376177	
2.16	0.360276 -0.291564 0.376177	
2.17	0.360276 -0.291564 0.376177	
2.18	0.360276 -0.291564 0.376177	
2.19	0.360276 -0.291564 0.376177	
2.2	0.360276 -0.291564 0.376177	
2.21	0.360276 -0.291564 0.376177	
2.22	0.360276 -0.291564 0.376177	
2.23	0.360276 -0.291564 0.376177	
2.24	0.360276 -0.291564 0.376177	
2.25	0.360276 -0.291564 0.376177	
2.26	0.360276 -0.291564 0.376177	
2.27	0.360276 -0.291564 0.376177	
2.28	0.360276 -0.291564 0.376177	
2.29	0.360276 -0.291564 0.376177	
2.3	0.360276 -0.291564 0.376177	
2.31	0.360276 -0.291564 0.376177	
2.32	0.360276 -0.291564 0.376177	
2.33	0.360276 -0.291564 0.376177	
2.34	0.360276 -0.291564 0.376177	
2.35	0.360276 -0.291564 0.376177	
2.36	0.360276 -0.291564 0.376177	
2.37	0.360276 -0.291564 0.376177	
2.38	0.360276 -0.291564 0.376177	
2.39	0.360276 -0.291564 0.376177	
2.4	0.360276 -0.291564 0.376177	
2.41	0.360276 -0.291564 0.376177	
2.42	0.360276 -0.291564 0.376177	
2.43	0.360276 -0.291564 0.376177	
2.44	0.360276 -0.291564 0.376177	
2.45	0.360276 -0.291564 0.376177	
2.46	0.360276 -0.291564 0.376177	
2.47	0.360276 -0.291564 0.376177	
2.48	0.360276 -0.291564 0.376177	
2.49	0.360276 -0.291564 0.376177	
2.5	0.360276 -0.291564 0.376177	
2.51	0.360276 -0.291564 0.376177	
2.52	0.360276 -0.291564 0.376177	
2.53	0.360276 -0.291564 0.376177	
2.54	0.360276 -0.291564 0.376177	
2.55	0.360276 -0.291564 0.376177	
2.56	0.360276 -0.291564 0.376177	
2.57	0.360276 -0.291564 0.376177	
2.58	0.360276 -0.291564 0.376177	
2.59	0.360276 -0.291564 0.376177	
2.6	0.360276 -0.291564 0.376177	
2.61	0.360276 -0.291564 0.376177	
2.62	0.360276 -0.291564 0.376177	
2.63	0.360276 -0.291564 0.376177	
2.64	0.360276 -0.291564 0.376177	
2.65	0.360276 -0.291564 0.376177	
2.66	0.360276 -0.291564 0.376177	
2.67	0.360276 -0.291564 0.376177	
2.68	0.360276 -0.291564 0.376177	
2.69	0.360276 -0.291564 0.376177	
2.7	0.360276 -0.291564 0.376177	
2.71	0.360276 -0.291564 0.376177	
2.72	0.360276 -0.291564 0.376177	
2.73	0.360276 -0.291564 0.376177	
2.74	0.360276 -0.291564 0.376177	
2.75	0.360276 -0.291564 0.376177	
2.76	0.360276 -0.291564 0.376177	
2.77	0.360276 -0.291564 0.376177	
2.78	0.360276 -0.291564 0.376177	
2.79	0.360276 -0.291564 0.376177	
2.8	0.360276 -0.291564 0.376177	
2.81	0.360276 -0.291564 0.376177	
2.82	0.360276 -0.291564 0.376177	
2.83	0.360276 -0.291564 0.376177	
2.84	0.360276 -0.291564 0.376177	
2.85	0.360276 -0.291564 0.376177	
2.86	0.360276 -0.291564 0.376177	
2.87	0.360276 -0.291564 0.376177	
2.88	0.360276 -0.291564 0.376177	
2.89	0.360276 -0.291564 0.376177	
2.9	0.360276 -0.291564 0.376177	
2.91	0.360276 -0.291564 0.376177	
2.92	0.360276 -0.291564 0.376177	
2.93	0.360276 -0.291564 0.376177	
2.94	0.360276 -0.291564 0.376177	
2.95	0.360276 -0.291564 0.376177	
2.96	0.360276 -0.291564 0.376177	
2.97	0.360276 -0.291564 0.376177	
2.98	0.360276 -0.291564 0.376177	
2.99	0.360276 -0.291564 0.376177	
3	0.360276 -0.291564 0.376177	
3.01	0.360276 -0.291564 0.376177	
3.02	0.360276 -0.291564 0.376177	
3.03	0.360276 -0.291564 0.376177	
3.04	0.360276 -0.291564 0.376177	
3.05	0.360276 -0.291564 0.376177	
3.06	0.360276 -0.291564 0.376177	
3.07	0.360276 -0.291564 0.376177	
3.08	0.360276 -0.291564 0.376177	
3.09	0.360276 -0.291564 0.376177	
3.1	0.360276 -0.291564 0.376177	
3.11	0.360276 -0.291564 0.376177	
3.12	0.360276 -0.291564 0.376177	
3.13	0.360276 -0.291564 0.376177	
3.14	0.360276 -0.291564 0.376177	
3.15	0.360276 -0.291564 0.376177	
3.16	0.360276 -0.291564 0.376177	
3.17	0.360276 -0.291564 0.376177	
3.18	0.360276 -0.291564 0.376177	
3.19	0.360276 -0.291564 0.376177	
3.2	0.360276 -0.291564 0.376177	
3.21	0.360276 -0.291564 0.376177	
3.22	0.360276 -0.291564 0.376177	
3.23	0.360276 -0.291564 0.376177	
3.24	0.360276 -0.291564 0.376177	
3.25	0.360276 -0.291564 0.376177	
3.26	0.360276 -0.291564 0.376177	
3.27	0.360276 -0.291564 0.376177	
3.28	0.360276 -0.291564 0.376177	
3.29	0.360276 -0.291564 0.376177	
3.3	0.360276 -0.291564 0.376177	
3.31	0.360276 -0.291564 0.376177	
3.32	0.360276 -0.291564 0.376177	
3.33	0.360276 -0.291564 0.376177	
3.34	0.360276 -0.291564 0.376177	
3.35	0.360276 -0.291564 0.376177	
3.36	0.360276 -0.291564 0.376177	
3.37	0.360276 -0.291564 0.376177	
3.38	0.360276 -0.291564 0.376177	
3.39	0.360276 -0.291564 0.376177	
3.4	0.360276 -0.291564 0.376177	
3.41	0.360276 -0.291564 0.376177	
3.42	0.360276 -0.291564 0.376177	
3.43	0.360276 -0.291564 0.376177	
3.44	0.360276 -0.291564 0.376177	
3.45	0.360276 -0.291564 0.376177	
3.46	0.360276 -0.291564 0.376177	
3.47	0.360276 -0.291564 0.376177	
3.48	0.360276 -0.291564 0.376177	
3.49	0.360276 -0.291564 0.376177	
3.5	0.360276 -0.291564 0.376177	
3.51	0.360276 -0.291564 0.376177	
3.52	0.360276 -0.291564 0.376177	
3.53	0.360276 -0.291564 0.376177	
3.54	0.360276 -0.291564 0.376177	
3.55	0.360276 -0.291564 0.376177	
3.56	0.360276 -0.291564 0.376177	
3.57	0.360276 -0.291564 0.376177	
3.58	0.360276 -0.291564 0.376177	
3.59	0.360276 -0.291564 0.376177	
3.6	0.360276 -0.291564 0.376177	
3.61	0.360276 -0.291564 0.376177	
3.62	0.360276 -0.291564 0.376177	
3.63	0.360276 -0.291564 0.376177	
3.64	0.360276 -0.291564 0.376177	
3.65	0.360276 -0.291564 0.376177	
3.66	0.360276 -0.291564 0.376177	
3.67	0.360276 -0.291564 0.376177	
3.68	0.360276 -0.291564 0.376177	
3.69	0.360276 -0.291564 0.376177	
3.7	0.360276 -0.291564 0.376177	
3.71	0.360276 -0.291564 0.376177	
3.72	0.360276 -0.291564 0.376177	
3.73	0.360276 -0.291564 0.376177	
3.74	0.360276 -0.291564 0.376177	
3.75	0.360276 -0.291564 0.376177	
3.76	0.360276 -0.291564 0.376177	
3.77	0.360276 -0.291564 0.376177	
3.78	0.360276 -0.291564 0.376177	
3.79	0.360276 -0.291564 0.376177	
3.8	0.360276 -0.291564 0.376177	
3.81	0.360276 -0.291564 0.376177	
3.82	0.360276 -0.291564 0.376177	
3.83	0.360276 -0.291564 0.376177	
3.84	0.360276 -0.291564 0.376177	
3.85	0.360276 -0.291564 0.376177	
3.86	0.360276 -0.291564 0.376177	
3.87	0.360276 -0.291564 0.376177	
3.88	0.360276 -0.291564 0.376177	
3.89	0.360276 -0.291564 0.376177	
3.9	0.360276 -0.291564 0.376177	
3.91	0.360276 -0.291564 0.376177	
3.92	0.360276 -0.291564 0.376177	
3.93	0.360276 -0.291564 0.376177	
3.94	0.360276 -0.291564 0.376177	
3.95	0.360276 -0.291564 0.376177	
3.96	0.360276 -0.291564 0.376177	
3.97	0.360276 -0.291564 0.376177	
3.98	0.360276 -0.291564 0.376177	
3.99	0.360276 -0.291564 0.376177	
4	0.360276 -0.291564 0.376177	
4.01	0.360276 -0.291564 0.376177	
4.02	0.360276 -0.291564 0.376177	
4.03	0.360276 -0.291564 0.376177	
4.04	0.360276 -0.291564 0.376177	
4.05	0.360276 -0.291564 0.376177	
4.06	0.360276 -0.291564 0.376177	
4.07	0.360276 -0.291564 0.376177	
4.08	0.360276 -0.291564 0.376177	
4.09	0.360276 -0.291564 0.376177	
4.1	0.360276 -0.291564 0.376177	
4.11	0.360276 -0.291564 0.376177	
4.12	0.360276 -0.291564 0.376177	
4.13	0.360276 -0.291564 0.376177	
4.14	0.360276 -0.291564 0.376177	
4.15	0.360276 -0.291564 0.376177	
4.16	0.360276 -0.291564 0.376177	
4.17	0.360276 -0.291564 0.376177	
4.18	0.360276 -0.291564 0.376177	
4.19	0.360276 -0.291564 0.376177	
4.2	0.360276 -0.291564 0.376177	
4.21	0.360276 -0.291564 0.376177	
4.22	0.360276 -0.291564 0.376177	
4.23	0.360276 -0.291564 0.376177	
4.24	0.360276 -0.291564 0.376177	
4.25	0.360276 -0.291564 0.376177	
4.26	0.360276 -0.291564 0.376177	
4.27	0.360276 -0.291564 0.376177	
4.28	0.360276 -0.291564 0.376177	
4.29	0.360276 -0.291564 0.376177	
4.3	0.360276 -0.291564 0.376177	
4.31	0.360276 -0.291564 0.376177	
4.32	0.360276 -0.291564 0.376177	
4.33	0.360276 -0.291564 0.376177	
4.34	0.360276 -0.291564 0.376177	
4.35	0.360276 -0.291564 0.376177	
4.36	0.360276 -0.291564 0.376177	
4.37	0.360276 -0.291564 0.376177	
4.38	0.360276 -0.291564 0.376177	
4.39	0.360276 -0.291564 0.376177	
4.4	0.360276 -0.291564 0.376177	
4.41	0.360276 -0.291564 0.376177	
4.42	0.360276 -0.291564 0.376177	
4.43	0.360276 -0.291564 0.376177	
4.44	0.360276 -0.291564 0.376177	
4.45	0.360276 -0.291564 0.376177	
4.46	0.360276 -0.291564 0.376177	
4.47	0.360276 -0.291564 0.376177	
4.48	0.360276 -0.291564 0.376177	
4.49	0.360276 -0.291564 0.376177	
4.5	0.360276 -0.291564 0.376177	
4.51	0.360276 -0.291564 0.376177	
4.52	0.360276 -0.291564 0.376177	
4.53	0.360276 -0.291564 0.376177	
4.54	0.360276 -0.291564 0.376177	
4.55	0.360276 -0.291564 0.376177	
4.56	0.360276 -0.291564 0.376177	
4.57	0.360276 -0.291564 0.376177	
4.58	0.360276 -0.291564 0.376177	
4.59	0.360276 -0.291564 0.376177	
4.6	0.360276 -0.291564 0.376177	
4.61	0.360276 -0.291564 0.376177	
4.62	0.360276 -0.291564 0.376177	
4.63	0.360276 -0.291564 0.376177	
4.64	0.360276 -0.291564 0.376177	
4.65	0.360276 -0.291564 0.376177	
4.66	0.360276 -0.291564 0.376177	
4.67	0.360276 -0.291564 0.376177	
4.68	0.360276 -0.291564 0.376177	
4.69	0.360276 -0.291564 0.376177	
4.7	0.360276 -0.291564 0.376177	
4.71	0.360276 -0.291564 0.376177	
4.72	0.360276 -0.291564 0.376177	
4.73	0.360276 -0.291564 0.376177	
4.74	0.360276 -0.291564 0.376177	
4.75	0.360276 -0.291564 0.376177	
4.76	0.360276 -0.291564 0.376177	
4.77	0.360276 -0.291564 0.376177	
4.78	0.360276 -0.291564 0.376177	
4.79	0.360276 -0.291564 0.376177	
4.8	0.360276 -0.291564 0.376177	
4.81	0.360276 -0.291564 0.376177	
4.82	0.360276 -0.291564 0.376177	
4.83	0.360276 -0.291564 0.376177	
4.84	0.360276 -0.291564 0.376177	
4.85	0.360276 -0.291564 0.376177	
4.86	0.360276 -0.291564 0.376177	
4.87	0.360276 -0.291564 0.376177	
4.88	0.360276 -0.291564 0.376177	
4.89	0.360276 -0.291564 0.376177	
4.9	0.360276 -0.291564 0.376177	
4.91	0.360276 -0.291564 0.376177	
4.92	0.360276 -0.291564 0.376177	
4.93	0.360276 -0.291564 0.376177	
4.94	0.360276 -0.291564 0.376177	
4.95	0.360276 -0.291564 0.376177	
4.96	0.360276 -0.291564 0.376177	
4.97	0.360276 -0.291564 0.376177	
4.98	0.360276 -0.291564 0.376177	
4.99	0.360276 -0.291564 0.376177	
5	0.360276 -0.291564 0.376177	
5.01	0.360276 -0.291564 0.376177	
5.02	0.360276 -0.291564 0.376177	
5.03	0.360276 -0.291564 0.376177	
5.04	0.360276 -0.291564 0.376177	
5.05	0.360276 -0.291564 0.376177	
5.06	0.360276 -0.291564 0.376177	
5.07	0.360276 -0.291564 0.376177	
5.08	0.360276 -0.291564 0.376177	
5.09	0.360276 -0.291564 0.376177	
5.1	0.360276 -0.291564 0.376177	
5.11	0.360276 -0.291564 0.376177	
5.12	0.360276 -0.291564 0.376177	
5.13	0.360276 -0.291564 0.376177	
5.14	0.360276 -0.291564 0.376177	
5.15	0.360276 -0.291564 0.376177	
5.16	0.360276 -0.291564 0.376177	
5.17	0.360276 -0.291564 0.376177	
5.18	0.360276 -0.291564 0.376177	
5.19	0.360276 -0.291564 0.376177	
5.2	0.360276 -0.291564 0.376177	
5.21	0.360276 -0.291564 0.376177	
5.22	0.360276 -0.291564 0.376177	
5.23	0.360276 -0.291564 0.376177	
5.24	0.360276 -0.291564 0.376177	
5.25	0.360276 -0.291564 0.376177	
5.26	0.360276 -0.291564 0.376177	
5.27	0.360276 -0.291564 0.376177	
5.28	0.360276 -0.291564 0.376177	
5.29	0.360276 -0.291564 0.376177	
5.3	0.360276 -0.291564 0.376177	
5.31	0.360276 -0.291564 0.376177	
5.32	0.360276 -0.291564 0.376177	
5.33	0.360276 -0.291564 0.376177	
5.34	0.360276 -0.291564 0.376177	
5.35	0.360276 -0.291564 0.376177	
5.36	0.360276 -0.291564 0.376177	
5.37	0.360276 -0.291564 0.376177	
5.38	0.360276 -0.291564 0.376177	
5.39	0.360276 -0.291564 0.376177	
5.4	0.360276 -0.291564 0.376177	
5.41	0.360276 -0.291564 0.376177	
5.42	0.360276 -0.291564 0.376177	
5.43	0.360276 -0.291564 0.376177	
5.44	0.360276 -0.291564 0.376177	
5.45	0.360276 -0.291564 0.376177	
5.46	0.360276 -0.291564 0.376177	
5.47	0.360276 -0.291564 0.376177	
5.48	0.360276 -0.291564 0.376177	
5.49	0.360276 -0.291564 0.376177	
5.5	0.360276 -0.291564 0.376177	
5.51	0.360276 -0.291564 0.376177	
5.52	0.360276 -0.291564 0.376177	
5.53	0.360276 -0.291564 0.376177	
5.54	0.360276 -0.291564 0.376177	
5.55	0.360276 -0.291564 0.376177	
5.56	0.360276 -0.291564 0.376177	
5.57	0.360276 -0.291564 0.376177	
5.58	0.360276 -0.291564 0.376177	
5.59	0.360276 -0.291564 0.376177	
5.6	0.360276 -0.291564 0.376177	
5.61	0.360276 -0.291564 0.376177	
5.62	0.360276 -0.291564 0.376177	
5.63	0.360276 -0.291564 0.376177	
5.64	0.360276 -0.291564 0.376177	
5.65	0.360276 -0.291564 0.376177	
5.66	0.360276 -0.291564 0.376177	
5.67	0.360276 -0.291564 0.376177	
5.68	0.360276 -0.291564 0.376177	
5.69	0.360276 -0.291564 0.376177	
5.7	0.360276 -0.291564 0.376177	
5.71	0.360276 -0.291564 0.376177	
5.72	0.360276 -0.291564 0.376177	
5.73	0.360276 -0.291564 0.376177	
5.74	0.360276 -0.291564 0.376177	
5.75	0.360276 -0.291564 0.376177	
5.76	0.360276 -0.291564 0.376177	
5.77	0.360276 -0.291564 0.376177	
5.78	0.360276 -0.291564 0.376177	
5.79	0.360276 -0.291564 0.376177	
5.8	0.360276 -0.291564 0.376177	
5.81	0.360276 -0.291564 0.376177	
5.82	0.360276 -0.291564 0.376177	
5.83	0.360276 -0.291564 0.376177	
5.84	0.360276 -0.291564 0.376177	
5.85	0.360276 -0.291564 0.376177	
5.86	0.360276 -0.291564 0.376177	
5.87	0.360276 -0.291564 0.376177	
5.88	0.360276 -0.291564 0.376177	
5.89	0.360276 -0.291564 0.376177	
5.9	0.360276 -0.291564 0.376177	
5.91	0.360276 -0.291564 0.376177	
5.92	0.360276 -0.291564 0.376177	
5.93	0.360276 -0.291564 0.376177	
5.94	0.360276 -0.291564 0.376177	
5.95	0.360276 -0.291564 0.376177	
5.96	0.360276 -0.291564 0.376177	
5.97	0.360276 -0.291564 0.376177	
5.98	0.360276 -0.291564 0.376177	
5.99	0.360276 -0.291564 0.376177	
6	0.360276 -0.291564 0.376177	
6.01	0.360276 -0.291564 0.376177	
6.02	0.360276 -0.291564 0.376177	
6.03	0.360276 -0.291564 0.376177	
6.04	0.360276 -0.291564 0.376177	
6.05	0.360276 -0.291564 0.376177	
6.06	0.360276 -0.291564 0.376177	
6.07	0.360276 -0.291564 0.376177	
6.08	0.360276 -0.291564 0.376177	
6.09	0.360276 -0.291564 0.376177	
6.1	0.360276 -0.291564 0.376177	
6.11	0.360276 -0.291564 0.376177	
6.12	0.360276 -0.291564 0.376177	
6.13	0.360276 -0.291564 0.376177	
6.14	0.360276 -0.291564 0.376177	
6.15	0.360276 -0.291564 0.376177	
6.16	0.360276 -0.291564 0.376177	
6.17	0.360276 -0.291564 0.376177	
6.18	0.360276 -0.291564 0.376177	
6.19	0.360276 -0.291564 0.376177	
6.2	0.360276 -0.291564 0.376177	
6.21	0.360276 -0.291564 0.376177	
6.22	0.360276 -0.291564 0.376177	
6.23	0.360276 -0.291564 0.376177	
6.24	0.360276 -0.291564 0.376177	
6.25	0.360276 -0.291564 0.376177	
6.26	0.360276 -0.291564 0.376177	
6.27	0.360276 -0.291564 0.376177	
6.28	0.360276 -0.291564 0.376177	
6.29	0.360276 -0.291564 0.376177	
6.3	0.360276 -0.291564 0.376177	
6.31	0.360276 -0.291564 0.376177	
6.32	0.360276 -0.291564 0.376177	
6.33	0.360276 -0.291564 0.376177	
6.34	0.360276 -0.291564 0.376177	
6.35	0.360276 -0.291564 0.376177	
6.36	0.360276 -0.291564 0.376177	
6.37	0.360276 -0.291564 0.376177	
6.38	0.360276 -0.291564 0.376177	
6.39	0.360276 -0.291564 0.376177	
6.4	0.360276 -0.291564 0.376177	
6.41	0.360276 -0.291564 0.376177	
6.42	0.360276 -0.291564 0.376177	
6.43	0.360276 -0.291564 0.376177	
6.44	0.360276 -0.291564 0.376177	
6.45	0.360276 -0.291564 0.376177	
6.46	0.360276 -0.291564 0.376177	
6.47	0.360276 -0.291564 0.376177	
6.48	0.360276 -0.291564 0.376177	
6.49	0.360276 -0.291564 0.376177	
6.5	0.360276 -0.291564 0.376177	
6.51	0.360276 -0.291564 0.376177	
6.52	0.360276 -0.291564 0.376177	
6.53	0.360276 -0.291564 0.376177	
6.54	0.360276 -0.291564 0.376177	
6.55	0.360276 -0.291564 0.376177	
6.56	0.360276 -0.291564 0.376177	
6.57	0.360276 -0.291564 0.376177	
6.58	0.360276 -0.291564 0.376177	
6.59	0.360276 -0.291564 0.376177	
6.6	0.360276 -0.291564 0.376177	
6.61	0.360276 -0.291564 0.376177	
6.62	0.360276 -0.291564 0.376177	
6.63	0.360276 -0.291564 0.376177	
6.64	0.360276 -0.291564 0.376177	
6.65	0.360276 -0.291564 0.376177	
6.66	0.360276 -0.291564 0.376177	
6.67	0.360276 -0.291564 0.376177	
6.68	0.360276 -0.291564 0.376177	
6.69	0.360276 -0.291564 0.376177	
6.7	0.360276 -0.291564 0.376177	
6.71	0.360276 -0.291564 0.376177	
6.72	0.360276 -0.291564 0.376177	
6.73	0.360276 -0.291564 0.376177	
6.74	0.360276 -0.291564 0.376177	
6.75	0.360276 -0.291564 0.376177	
6.76	0.360276 -0.291564 0.376177	
6.77	0.360276 -0.291564 0.376177	
6.78	0.360276 -0.291564 0.376177	
6.79	0.360276 -0.291564 0.376177	
6.8	0.360276 -0.291564 0.376177	
6.81	0.360276 -0.291564 0.376177	
6.82	0.360276 -0.291564 0.376177	
6.83	0.360276 -0.291564 0.376177	
6.84	0.360276 -0.291564 0.376177	
6.85	0.360276 -0.291564 0.376177	
6.86	0.360276 -0.291564 0.376177	
6.87	0.360276 -0.291564 0.376177	
6.88	0.360276 -0.291564 0.376177	
6.89	0.360276 -0.291564 0.376177	
6.9	0.360276 -0.291564 0.376177	
6.91	0.360276 -0.291564 0.376177	
6.92	0.360276 -0.291564 0.376177	
6.93	0.360276 -0.291564 0.376177	
6.94	0.360276 -0.291564 0.376177	
6.95	0.360276 -0.291564 0.376177	
6.96	0.360276 -0.291564 0.376177	
6.97	0.360276 -0.291564 0.376177	
6.98	0.360276 -0.291564 0.376177	
6.99	0.360276 -0.291564 0.376177	
7	0.360276 -0.291564 0.376177	
7.01	0.360276 -0.291564 0.376177	
7.02	0.360276 -0.291564 0.376177	
7.03	0.360276 -0.291564 0.376177	
7.04	0.360276 -0.291564 0.376177	
7.05	0.360276 -0.291564 0.376177	
7.06	0.360276 -0.291564 0.376177	
7.07	0.360276 -0.291564 0.376177	
7.08	0.360276 -0.291564 0.376177	
7.09	0.360276 -0.291564 0.376177	
7.1	0.360276 -0.291564 0.376177	
7.11	0.360276 -0.291564 0.376177	
7.12	0.360276 -0.291564 0.376177	
7.13	0.360276 -0.291564 0.376177	
7.14	0.360276 -0.291564 0.376177	
7.15	0.360276 -0.291564 0.376177	
7.16	0.360276 -0.291564 0.376177	
7.17	0.360276 -0.291564 0.376177	
7.18	0.360276 -0.291564 0.376177	
7.19	0.360276 -0.291564 0.376177	
7.2	0.360276 -0.291564 0.376177	
7.21	0.360276 -0.291564 0.376177	
7.22	0.360276 -0.291564 0.376177	
7.23	0.360276 -0.291564 0.376177	
7.24	0.360276 -0.291564 0.376177	
7.25	0.360276 -0.291564 0.376177	
7.26	0.360276 -0.291564 0.376177	
7.27	0.360276 -0.291564 0.376177	
7.28	0.360276 -0.291564 0.376177	
7.29	0.360276 -0.291564 0.376177	
7.3	0.360276 -0.291564 0.376177	
7.31	0.360276 -0.291564 0.376177	
7.32	0.360276 -0.291564 0.376177	
7.33	0.360276 -0.291564 0.376177	
7.34	0.360276 -0.291564 0.376177	
7.35	0.360276 -0.291564 0.376177	
7.36	0.360276 -0.291564 0.376177	
7.37	0.360276 -0.291564 0.376177	
7.38	0.360276 -0.291564 0.376177	
7.39	0.360276 -0.291564 0.376177	
7.4	0.360276 -0.291564 0.376177	
7.41	0.360276 -0.291564 0.376177	
7.42	0.360276 -0.291564 0.376177	
7.43	0.360276 -0.291564 0.376177	
7.44	0.360276 -0.291564 0.376177	
7.45	0.360276 -0.291564 0.376177	
7.46	0.360276 -0.291564 0.376177	
7.47	0.360276 -0.291564 0.376177	
7.48	0.360276 -0.291564 0.376177	
7.49	0.360276 -0.291564 0.376177	
7.5	0.360276 -0.291564 0.376177	
7.51	0.360276 -0.291564 0.376177	
7.52	0.360276 -0.291564 0.376177	
7.53	0.360276 -0.291564 0.376177	
7.54	0.360276 -0.291564 0.376177	
7.55	0.360276 -0.291564 0.376177	
7.56	0.360276 -0.291564 0.376177	
7.57	0.360276 -0.291564 0.376177	
7.58	0.360276 -0.291564 0.376177	
7.59	0.360276 -0.291564 0.376177	
7.6	0.360276 -0.291564 0.376177	
7.61	0.360276 -0.291564 0.376177	
7.62	0.360276 -0.291564 0.376177	
7.63	0.360276 -0.291564 0.376177	
7.64	0.360276 -0.291564 0.376177	
7.65	0.360276 -0.291564 0.376177	
7.66	0.360276 -0.291564 0.376177	
7.67	0.360276 -0.291564 0.376177	
7.68	0.360276 -0.291564 0.376177	
7.69	0.360276 -0.291564 0.376177	
7.7	0.360276 -0.291564 0.376177	
7.71	0.360276 -0.291564 0.376177	
7.72	0.360276 -0.291564 0.376177	
7.73	0.360276 -0.291564 0.376177	
7.74	0.360276 -0.291564 0.376177	
7.75	0.360276 -0.291564 0.376177	
7.76	0.360276 -0.291564 0.376177	
7.77	0.360276 -0.291564 0.376177	
7.78	0.360276 -0.291564 0.376177	
7.79	0.360276 -0.291564 0.376177	
7.8	0.360276 -0.291564 0.376177	
7.81	0.360276 -0.291564 0.376177	
7.82	0.360276 -0.291564 0.376177	
7.83	0.360276 -0.291564 0.376177	
7.84	0.360276 -0.291564 0.376177	
7.85	0.360276 -0.291564 0.376177	
7.86	0.360276 -0.291564 0.376177	
7.87	0.360276 -0.291564 0.376177	
7.88	0.360276 -0.291564 0.376177	
7.89	0.360276 -0.291564 0.376177	
7.9	0.360276 -0.291564 0.376177	
7.91	0.360276 -0.291564 0.376177	
7.92	0.360276 -0.291564 0.376177	
7.93	0.360276 -0.291564 0.376177	
7.94	0.360276 -0.291564 0.376177	
7.95	0.360276 -0.291564 0.376177	
7.96	0.360276 -0.291564 0.376177	
7.97	0.360276 -0.291564 0.376177	
7.98	0.360276 -0.291564 0.376177	
7.99	0.360276 -0.291564 0.376177	
8	0.360276 -0.291564 0.376177	
8.01	0.360276 -0.291564 0.376177	
8.02	0.360276 -0.291564 0.376177	
8.03	0.360276 -0.291564 0.376177	
8.04	0.360276 -0.291564 0.376177	
8.05	0.360276 -0.291564 0.376177	
8.06	0.360276 -0.291564 0.376177	
8.07	0.360276 -0.291564 0.376177	
8.08	0.360276 -0.291564 0.376177	
8.09	0.360276 -0.291564 0.376177	
8.1	0.360276 -0.291564 0.376177	
8.11	0.360276 -0.291564 0.376177	
8.12	0.360276 -0.291564 0.376177	
8.13	0.360276 -0.291564 0.376177	
8.14	0.360276 -0.291564 0.376177	
8.15	0.360276 -0.291564 0.376177	
8.16	0.360276 -0.291564 0.376177	
8.17	0.360276 -0.291564 0.376177	
8.18	0.360276 -0.291564 0.376177	
8.19	0.360276 -0.291564 0.376177	
8.2	0.360276 -0.291564 0.376177	
8.21	0.360276 -0.291564 0.376177	
8.22	0.360276 -0.291564 0.376177	
8.23	0.360276 -0.291564 0.376177	
8.24	0.360276 -0.291564 0.376177	
8.25	0.360276 -0.291564 0.376177	
8.26	0.360276 -0.291564 0.376177	
8.27	0.360276 -0.291564 0.376177	
8.28	0.360276 -0.291564 0.376177	
8.29	0.360276 -0.291564 0.376177	
8.3	0.360276 -0.291564 0.376177	
8.31	0.360276 -0.291564 0.376177	
8.32	0.360276 -0.291564 0.376177	
8.33	0.360276 -0.291564 0.376177	
8.34	0.360276 -0.291564 0.376177	
8.35	0.360276 -0.291564 0.376177	
8.36	0.360276 -0.291564 0.376177	
8.37	0.360276 -0.291564 0.376177	
8.38	0.360276 -0.291564 0.376177	
8.39	0.360276 -0.291564 0.376177	
8.4	0.360276 -0.291564 0.376177	
8.41	0.360276 -0.291564 0.376177	
8.42	0.360276 -0.291564 0.376177	
8.43	0.360276 -0.291564 0.376177	
8.44	0.360276 -0.291564 0.376177	
8.45	0.360276 -0.291564 0.376177	
8.46	0.360276 -0.291564 0.376177	
8.47	0.360276 -0.291564 0.376177	
8.48	0.360276 -0.291564 0.376177	
8.49	0.360276 -0.291564 0.376177	
8.5	0.360276 -0.291564 0.376177	
8.51	0.360276 -0.291564 0.376177	
8.52	0.360276 -0.291564 0.376177	
8.53	0.360276 -0.291564 0.376177	
8.54	0.360276 -0.291564 0.376177	
8.55	0.360276 -0.291564 0.376177	
8.56	0.360276 -0.291564 0.376177	
8.57	0.360276 -0.291564 0.376177	
8.58	0.360276 -0.291564 0.376177	
8.59	0.360276 -0.291564 0.376177	
8.6	0.360276 -0.291564 0.376177	
8.61	0.360276 -0.291564 0.376177	
8.62	0.360276 -0.291564 0.376177	
8.63	0.360276 -0.291564 0.376177	
8.64	0.360276 -0.291564 0.376177	
8.65	0.360276 -0.291564 0.376177	
8.66	0.360276 -0.291564 0.376177	
8.67	0.360276 -0.291564 0.376177	
8.68	0.360276 -0.291564 0.376177	
8.69	0.360276 -0.291564 0.376177	
8.7	0.360276 -0.291564 0.376177	
8.71	0.360276 -0.291564 0.376177	
8.72	0.360276 -0.291564 0.376177	
8.73	0.360276 -0.291564 0.376177	
8.74	0.360276 -0.291564 0.376177	
8.75	0.360276 -0.291564 0.376177	
8.76	0.360276 -0.291564 0.376177	
8.77	0.360276 -0.291564 0.376177	
8.78	0.360276 -0.291564 0.376177	
8.79	0.360276 -0.291564 0.376177	
8.8	0.360276 -0.291564 0.376177	
8.81	0.360276 -0.291564 0.376177	
8.82	0.360276 -0.291564 0.376177	
8.83	0.360276 -0.291564 0.376177	
8.84	0.360276 -0.291564 0.376177	
8.85	0.360276 -0.291564 0.376177	
8.86	0.360276 -0.291564 0.376177	
8.87	0.360276 -0.291564 0.376177	
8.88	0.360276 -0.291564 0.376177	
8.89	0.360276 -0.291564 0.376177	
8.9	0.360276 -0.291564 0.376177	
8.91	0.360276 -0.291564 0.376177	
8.92	0.360276 -0.291564 0.376177	
8.93	0.360276 -0.291564 0.376177	
8.94	0.360276 -0.291564 0.376177	
8.95	0.360276 -0.291564 0.376177	
8.96	0.360276 -0.291564 0.376177	
8.97	0.360276 -0.291564 0.376177	
8.98	0.360276 -0.291564 0.376177	
8.99	0.360276 -0.291564 0.376177	
9	0.360276 -0.291564 0.376177	
9.01	0.360276 -0.291564 0.376177	
9.02	0.360276 -0.291564 0.376177	
9.03	0.360276 -0.291564 0.376177	
9.04	0.360276 -0.291564 0.376177	
9.05	0.360276 -0.291564 0.376177	
9.06	0.360276 -0.291564 0.376177	
9.07	0.360276 -0.291564 0.376177	
9.08	0.360276 -0.291564 0.376177	
9.09	0.360276 -0.291564 0.376177	
9.1	0.360276 -0.291564 0.376177	
9.11	0.360276 -0.291564 0.376177	
9.12	0.360276 -0.291564 0.376177	
9.13	0.360276 -0.291564 0.376177	
9.14	0.360276 -0.291564 0.376177	
9.15	0.360276 -0.291564 0.376177	
9.16	0.360276 -0.291564 0.376177	
9.17	0.360276 -0.291564 0.376177	
9.18	0.360276 -0.291564 0.376177	
9.19	0.360276 -0.291564 0.376177	
9.2	0.360276 -0.291564 0.376177	
9.21	0.360276 -0.291564 0.376177	
9.22	0.360276 -0.291564 0.376177	
9.23	0.360276 -0.291564 0.376177	
9.24	0.360276 -0.291564 0.376177	
9.25	0.360276 -0.291564 0.376177	
9.26	0.360276 -0.291564 0.376177	
9.27	0.360276 -0.291564 0.376177	
9.28	0.360276 -0.291564 0.376177	
9.29	0.360276 -0.291564 0.376177	
9.3	0.360276 -0.291564 0.376177	
9.31	0.360276 -0.291564 0.376177	
9.32	0.360276 -0.291564 0.376177	
9.33	0.360276 -0.291564 0.376177	
9.34	0.360276 -0.291564 0.376177	
9.35	0.360276 -0.291564 0.376177	
9.36	0.360276 -0.291564 0.376177	
9.37	0.360276 -0.291564 0.376177	
9.38	0.360276 -0.291564 0.376177	
9.39	0.360276 -0.291564 0.376177	
9.4	0.360276 -0.291564 0.376177	
9.41	0.360276 -0.291564 0.376177	
9.42	0.360276 -0.291564 0.376177	
9.43	0.360276 -0.291564 0.376177	
9.44	0.360276 -0.291564 0.376177	
9.45	0.360276 -0.291564 0.376177	
9.46	0.360276 -0.291564 0.376177	
9.47	0.360276 -0.291564 0.376177	
9.48	0.360276 -0.291564 0.376177	
9.49	0.360276 -0.291564 0.376177	
9.5	0.360276 -0.291564 0.376177	
9.51	0.360276 -0.291564 0.376177	
9.52	0.360276 -0.291564 0.376177	
9.53	0.360276 -0.291564 0.376177	
9.54	0.360276 -0.291564 0.376177	
9.55	0.360276 -0.291564 0.376177	
9.56	0.360276 -0.291564 0.376177	
9.57	0.360276 -0.291564 0.376177	
9.58	0.360276 -0.291564 0.376177	
9.59	0.360276 -0.291564 0.376177	
9.6	0.360276 -0.291564 0.376177	
9.61	0.360276 -0.291564 0.376177	
9.62	0.360276 -0.291564 0.376177	
9.63	0.360276 -0.291564 0.376177	
9.64	0.360276 -0.291564 0.376177	
9.65	0.360276 -0.291564 0.376177	
9.66	0.360276 -0.291564 0.376177	
9.67	0.360276 -0.291564 0.376177	
9.68	0.360276 -0.291564 0.376177	
9.69	0.360276 -0.291564 0.376177	
9.7	0.360276 -0.291564 0.376177	
9.71	0.360276 -0.291564 0.376177	
9.72	0.360276 -0.291564 0.376177	
9.73	0.360276 -0.291564 0.376177	
9.74	0.360276 -0.291564 0.376177	
9.75	0.360276 -0.291564 0.376177	
9.76	0.360276 -0.291564 0.376177	
9.77	0.360276 -0.291564 0.376177	
9.78	0.360276 -0.291564 0.376177	
9.79	0.360276 -0.291564 0.376177	
9.8	0.360276 -0.291564 0.376177	
9.81	0.360276 -0.291564 0.376177	
9.82	0.360276 -0.291564 0.376177	
9.83	0.360276 -0.291564 0.376177	
9.84	0.360276 -0.291564 0.376177	
9.85	0.360276 -0.291564 0.376177	
9.86	0.360276 -0.291564 0.376177	
9.87	0.360276 -0.291564 0.376177	
9.88	0.360276 -0.291564 0.376177	
9.89	0.360276 -0.291564 0.376177	
9.9	0.360276 -0.291564 0.376177	
9.91	0.360276 -0.291564 0.376177	
9.92	0.360276 -0.291564 0.376177	
9.93	0.360276 -0.291564 0.376177	
9.94	0.360276 -0.291564 0.376177	
9.95	0.360276 -0.291564 0.376177	
9.96	0.360276 -0.291564 0.376177	
9.97	0.360276 -0.291564 0.376177	
9.98	0.360276 -0.291564 0.376177	
9.99	0.360276 -0.291564 0.376177	
10	0.360276 -0.291564 0.376177	
