# Gnuplot File : velocities of 1 particle(s) Monitored
# 1st Column : time, others : particle(s) number 1 
0.01	-0.00250903 -0.000384269 3.83959e-05	
0.02	-0.00379724 -0.000403147 -7.06556e-05	
0.03	-0.00479826 -0.0004112 -0.000164161	
0.04	-0.00567462 -0.000453113 -0.000214006	
0.05	-0.00646964 -0.000536158 -0.000215766	
0.06	-0.00719972 -0.000658088 -0.000172065	
0.07	-0.00787445 -0.000814336 -8.74677e-05	
0.08	-0.00850139 -0.000999967 3.30758e-05	
0.09	-0.00908724 -0.0012102 0.000184712	
0.1	-0.00963811 -0.00144054 0.000362843	
0.11	-0.0101596 -0.00168684 0.000563191	
0.12	-0.0106569 -0.00194531 0.000781826	
0.13	-0.0111346 -0.00221249 0.00101518	
0.14	-0.011597 -0.00248528 0.00126004	
0.15	-0.0120478 -0.00276089 0.00151356	
0.16	-0.0124903 -0.00303685 0.0017732	
0.17	-0.0129275 -0.003311 0.00203677	
0.18	-0.013362 -0.00358144 0.00230235	
0.19	-0.013796 -0.00384654 0.00256833	
0.2	-0.0142313 -0.00410489 0.0028333	
0.21	-0.0146694 -0.00435531 0.00309613	
0.22	-0.0151117 -0.00459679 0.00335587	
0.23	-0.0155591 -0.00482853 0.00361178	
0.24	-0.0160123 -0.00504983 0.00386325	
0.25	-0.0164719 -0.00526018 0.00410987	
0.26	-0.0169382 -0.00545916 0.00435132	
0.27	-0.0174113 -0.00564645 0.00458741	
0.28	-0.0178912 -0.00582182 0.00481807	
0.29	-0.0183778 -0.00598512 0.00504328	
0.3	-0.0188708 -0.00613627 0.00526311	
0.31	-0.0193699 -0.00627522 0.00547769	
0.32	-0.0198746 -0.00640198 0.00568721	
0.33	-0.0203845 -0.00651659 0.00589186	
0.34	-0.020899 -0.00661912 0.0060919	
0.35	-0.0214176 -0.00670964 0.0062876	
0.36	-0.0219396 -0.00678825 0.00647921	
0.37	-0.0224644 -0.00685507 0.00666703	
0.38	-0.0229915 -0.0069102 0.00685135	
0.39	-0.0235201 -0.00695377 0.00703243	
0.4	-0.0240498 -0.00698587 0.00721055	
0.41	-0.0245798 -0.00700664 0.00738597	
0.42	-0.0251096 -0.00701618 0.00755893	
0.43	-0.0256386 -0.00701458 0.00772966	
0.44	-0.0261662 -0.00700196 0.00789838	
0.45	-0.026692 -0.0069784 0.00806527	
0.46	-0.0272155 -0.00694399 0.00823051	
0.47	-0.0277361 -0.00689881 0.00839424	
0.48	-0.0282534 -0.00684293 0.0085566	
0.49	-0.028767 -0.00677642 0.00871771	
0.5	-0.0292765 -0.00669936 0.00887766	
0.51	-0.0297815 -0.00661179 0.00903652	
0.52	-0.0302816 -0.00651378 0.00919436	
0.53	-0.0307764 -0.00640538 0.00935121	
0.54	-0.0312658 -0.00628665 0.00950709	
0.55	-0.0317492 -0.00615765 0.00966203	
0.56	-0.0322266 -0.00601841 0.00981602	
0.57	-0.0326976 -0.00586902 0.00996905	
0.58	-0.0331619 -0.00570951 0.0101211	
0.59	-0.0336193 -0.00553995 0.0102721	
0.6	-0.0340697 -0.0053604 0.0104221	
0.61	-0.0345127 -0.00517094 0.0105709	
0.62	-0.0349481 -0.00497164 0.0107186	
0.63	-0.0353758 -0.00476257 0.010865	
0.64	-0.0357956 -0.00454382 0.0110101	
0.65	-0.0362073 -0.00431548 0.0111539	
0.66	-0.0366108 -0.00407766 0.0112962	
0.67	-0.0370058 -0.00383044 0.011437	
