# Gnuplot File : forces of 1 particle(s) Monitored
# 1st Column : time, others : particle(s) number 54 
0.01	0 -0.00285798 0	
0.02	0.00117444 -0.00201225 0.000117757	
0.03	0.00387698 -0.000167122 0.000489687	
0.04	0.00777811 0.0026634 0.00126846	
0.05	0.012255 0.00628251 0.00256335	
0.06	0.0165987 0.0103788 0.00441852	
0.07	0.0201701 0.0145978 0.00680861	
0.08	0.022493 0.018596 0.00964487	
0.09	0.0232944 0.0220781 0.0127875	
0.1	0.0225086 0.024818 0.0160611	
0.11	0.0202567 0.0266689 0.01927	
0.12	0.016812 0.0275632 0.0222138	
0.13	0.0125596 0.0275059 0.0246996	
0.14	0.00795452 0.0265636 0.0265528	
0.15	0.00348276 0.0248509 0.027624	
0.16	-0.00037229 0.0225153 0.0277946	
0.17	-0.00315715 0.0197238 0.0269784	
0.18	-0.00446871 0.0166496 0.0251226	
0.19	-0.00396817 0.0134613 0.0222062	
0.2	-0.00138904 0.0103148 0.0182373	
0.21	0.00345999 0.00734654 0.0132498	
0.22	0.0106963 0.00466993 0.00729903	
0.23	0.020368 0.00237321 0.000458097	
0.24	0.0324603 0.000519221 -0.00718692	
0.25	0.0469043 -0.000853576 -0.0155408	
0.26	0.0635859 -0.00172904 -0.024503	
0.27	0.0823549 -0.00211064 -0.033971	
0.28	0.103034 -0.00201844 -0.0438431	
0.29	0.125428 -0.0014858 -0.0540207	
0.3	0.149332 -0.00055629 -0.0644106	
0.31	0.174534 0.000719315 -0.0749262	
0.32	0.200827 0.0022857 -0.0854883	
0.33	0.228011 0.00408532 -0.0960263	
0.34	0.255894 0.00606039 -0.106478	
0.35	0.2843 0.00815441 -0.11679	
0.36	0.313066 0.0103134 -0.126918	
0.37	0.342047 0.0124869 -0.136825	
0.38	0.371116 0.0146282 -0.146482	
0.39	0.400162 0.0166951 -0.155867	
0.4	0.429091 0.0186499 -0.164966	
0.41	0.457827 0.0204593 -0.173768	
0.42	0.486308 0.022094 -0.18227	
0.43	0.514485 0.0235291 -0.190471	
0.44	0.542324 0.024743 -0.198376	
0.45	0.569802 0.0257176 -0.205993	
0.46	0.596905 0.0264377 -0.213329	
0.47	0.623629 0.0268903 -0.220398	
0.48	0.649976 0.0270649 -0.227212	
0.49	0.675955 0.0269525 -0.233787	
0.5	0.701579 0.0265456 -0.240136	
0.51	0.726867 0.0258379 -0.246275	
0.52	0.751837 0.0248238 -0.252219	
0.53	0.776512 0.0234985 -0.257984	
0.54	0.800914 0.0218573 -0.263584	
0.55	0.825067 0.0198962 -0.269034	
0.56	0.848991 0.017611 -0.274345	
0.57	0.87271 0.0149976 -0.279532	
0.58	0.896244 0.012052 -0.284604	
0.59	0.91961 0.00877007 -0.289574	
0.6	0.942826 0.00514747 -0.294449	
0.61	0.965906 0.00117985 -0.299238	
0.62	0.988861 -0.00313723 -0.303949	
0.63	1.0117 -0.00780831 -0.308588	
0.64	1.03444 -0.012838 -0.31316	
0.65	1.05707 -0.0182307 -0.317668	
0.66	1.0796 -0.023991 -0.322117	
0.67	1.10202 -0.0301232 -0.326509	
