# Gnuplot File : velocities of 1 particle(s) Monitored
# 1st Column : time, others : particle(s) number 54 
0.01	0.00217466 -0.0122622 0.000201465	
0.02	0.00346314 -0.0192835 0.000382484	
0.03	0.00442501 -0.0243557 0.000621967	
0.04	0.00512023 -0.027809 0.000921876	
0.05	0.00557119 -0.0297954 0.00127072	
0.06	0.00579815 -0.0304726 0.0016556	
0.07	0.00582104 -0.0300002 0.0020651	
0.08	0.00565956 -0.0285321 0.0024897	
0.09	0.00533336 -0.0262133 0.00292163	
0.1	0.0048622 -0.0231785 0.00335453	
0.11	0.00426598 -0.0195517 0.00378318	
0.12	0.00356463 -0.0154461 0.0042033	
0.13	0.00277788 -0.010964 0.0046114	
0.14	0.00192499 -0.00619723 0.00500465	
0.15	0.00102452 -0.0012273 0.00538081	
0.16	9.39923e-05 0.00387413 0.00573814	
0.17	-0.00085027 0.00904476 0.00607541	
0.18	-0.00179336 0.014231 0.00639179	
0.19	-0.00272193 0.0193876 0.00668684	
0.2	-0.00362423 0.0244766 0.00696047	
0.21	-0.00449017 0.0294672 0.00721291	
0.22	-0.00531131 0.0343344 0.00744463	
0.23	-0.00608075 0.0390594 0.00765636	
0.24	-0.0067931 0.0436277 0.00784897	
0.25	-0.00744434 0.0480296 0.00802349	
0.26	-0.00803169 0.0522591 0.00818106	
0.27	-0.00855347 0.0563134 0.00832285	
0.28	-0.00900896 0.0601925 0.00845008	
0.29	-0.00939824 0.0638987 0.00856393	
0.3	-0.0097221 0.0674362 0.00866557	
0.31	-0.00998181 0.0708108 0.0087561	
0.32	-0.0101791 0.0740293 0.00883654	
0.33	-0.010316 0.0770995 0.0089078	
0.34	-0.0103948 0.0800299 0.00897068	
0.35	-0.0104178 0.0828294 0.00902589	
0.36	-0.0103874 0.0855069 0.00907399	
0.37	-0.0103061 0.0880714 0.00911542	
0.38	-0.0101761 0.0905319 0.00915051	
0.39	-0.00999968 0.0928972 0.00917948	
0.4	-0.00977901 0.0951755 0.00920243	
0.41	-0.00951602 0.0973748 0.00921935	
0.42	-0.0092125 0.0995026 0.00923016	
0.43	-0.00887008 0.101566 0.00923469	
0.44	-0.0084902 0.103571 0.00923269	
0.45	-0.00807415 0.105524 0.00922385	
0.46	-0.00762302 0.10743 0.00920784	
0.47	-0.00713779 0.109294 0.00918426	
0.48	-0.00661926 0.11112 0.00915269	
0.49	-0.0060681 0.112911 0.0091127	
0.5	-0.00548487 0.114672 0.00906385	
0.51	-0.00487003 0.116404 0.00900569	
0.52	-0.00422393 0.11811 0.00893778	
0.53	-0.00354687 0.119791 0.00885971	
0.54	-0.00283905 0.12145 0.00877106	
0.55	-0.00210066 0.123086 0.00867146	
0.56	-0.00133183 0.124702 0.00856055	
0.57	-0.000532657 0.126296 0.00843801	
0.58	0.000296752 0.12787 0.00830355	
0.59	0.00115631 0.129423 0.00815691	
0.6	0.00204593 0.130956 0.00799789	
0.61	0.00296551 0.132466 0.00782629	
0.62	0.00391493 0.133955 0.00764199	
0.63	0.00489404 0.135421 0.00744486	
0.64	0.00590266 0.136863 0.00723484	
0.65	0.00694061 0.13828 0.00701191	
0.66	0.00800763 0.139672 0.00677604	
0.67	0.00910344 0.141037 0.00652729	
